structure(list(x = structure(c(9914.375, 3468.375, 537.375, 200.375, 
25.375, 35.375, 0, 0, 2.375, 2.375, 4.375, 0, 0, 0, 7.375, 1.375, 
23.375, 179.375, 15.375, 1296.375, 18226.375, 11.375, 30525.375, 
2.375, 3411.375, 4.375, 27535.375, 220.375, 153.375, 1314.375, 
914.375, 16143.375, 343.375, 4438.375, 13486.375, 1677.375, 533.375, 
1526.375, 790.375, 301.375, 328.375, 329.375, 2126.375, 26105.375, 
129.375, 601.375, 247.375, 2.375, 556.375, 207.375, 799.375, 
2763.375, 50.375, 13820.375, 989.375, 2805.375, 616.375, 225.375, 
473.375, 9.375, 1420.375, 1319.375, 948.375, 54.375, 149.375, 
9.375, 1528.375, 253.375, 8805.125, 3415.125, 519.125, 212.125, 
25.125, 25.125, 0, 0, 1.125, 0, 5.125, 0, 0, 0.125, 0, 3.125, 
29.125, 168.125, 16.125, 1346.125, 18833.125, 45.125, 31899.125, 
6.125, 3725.125, 6.125, 29165.125, 271.125, 164.125, 1298.125, 
1287.125, 14935.125, 365.125, 3912.125, 16902.125, 1536.125, 
528.125, 1493.125, 1160.125, 312.125, 341.125, 530.125, 2596.125, 
25287.125, 161.125, 863.125, 402.125, 10.125, 766.125, 250.125, 
894.125, 2235.125, 66.125, 14204.125, 868.125, 2806.125, 592.125, 
218.125, 399.125, 5.125, 1227.125, 1252.125, 1039.125, 62.125, 
199.125, 12.125, 2349.125, 196.125, 9750.375, 3718.375, 587.375, 
235.375, 21.375, 26.375, 0, 0.375, 0, 3.375, 6.375, 0, 0, 0, 
0, 2.375, 21.375, 132.375, 8.375, 708.375, 18012.375, 21.375, 
16702.375, 0, 2924.375, 0, 29908.375, 172.375, 134.375, 900.375, 
721.375, 9801.375, 368.375, 3632.375, 9820.375, 1747.375, 538.375, 
1172.375, 820.375, 224.375, 383.375, 492.375, 2526.375, 9300.375, 
122.375, 453.375, 54.375, 4.375, 760.375, 163.375, 784.375, 2071.375, 
33.375, 15604.375, 1219.375, 3709.375, 511.375, 164.375, 739.375, 
5.375, 726.375, 960.375, 600.375, 55.375, 161.375, 12.375, 990.375, 
169.375, 9020.5, 3186.5, 522.5, 199.5, 25.5, 25.5, 0, 0.5, 0.5, 
0, 6.5, 0, 0.5, 0, 2.5, 211.5, 44.5, 189.5, 43.5, 1659.5, 21990.5, 
6982.5, 71533.5, 8.5, 4205.5, 5.5, 35072.5, 375.5, 208.5, 1871.5, 
1371.5, 17412.5, 405.5, 5323.5, 17565.5, 2091.5, 696.5, 1700.5, 
1276.5, 365.5, 416.5, 708.5, 3535.5, 26499.5, 184.5, 1429.5, 
416.5, 0.5, 795.5, 266.5, 888.5, 2802.5, 101.5, 15369.5, 1024.5, 
3301.5, 795.5, 264.5, 550.5, 9.5, 1168.5, 1679.5, 1047.5, 97.5, 
1471.5, 9.5, 2818.5, 241.5, 10225.25, 3614.25, 578.25, 205.25, 
34.25, 23.25, 2.25, 0, 0, 3.25, 3.25, 0, 0, 0, 1.25, 47.25, 37.25, 
248.25, 22.25, 1329.25, 21457.25, 5465.25, 53391.25, 0, 3670.25, 
5.25, 35482.25, 408.25, 209.25, 1771.25, 1447.25, 15944.25, 488.25, 
3634.25, 15447.25, 2241.25, 807.25, 1233.25, 1071.25, 313.25, 
436.25, 624.25, 3772.25, 19240.25, 171.25, 1298.25, 104.25, 5.25, 
792.25, 317.25, 914.25, 2650.25, 76.25, 16956.25, 1333.25, 3859.25, 
646.25, 270.25, 1068.25, 3.25, 858.25, 1557.25, 793.25, 86.25, 
1043.25, 15.25, 1770.25, 229.25, 12086, 3899, 648, 266, 34, 28, 
0, 0, 0, 2, 7, 0, 0, 0, 1, 71, 40, 220, 33, 2195, 20150, 6576, 
64688, 5, 4532, 6, 37197, 416, 233, 1999, 1482, 19319, 417, 4725, 
17841, 2163, 704, 1877, 1030, 415, 427, 563, 3915, 33743, 255, 
1370, 408, 2, 1023, 342, 1053, 3142, 77, 16224, 1376, 3238, 861, 
362, 882, 11, 1331, 1865, 1025, 78, 1289, 19, 2315, 216, 18972.125, 
5057.125, 998.125, 335.125, 39.125, 114.125, 2.125, 2.125, 0, 
0, 6.125, 0, 0, 0, 34.125, 5782.125, 118.125, 1155.125, 51.125, 
2960.125, 30416.125, 109163.125, 315642.125, 67.125, 6081.125, 
10.125, 46211.125, 1004.125, 598.125, 2879.125, 1691.125, 25749.125, 
642.125, 6111.125, 16086.125, 2678.125, 905.125, 2673.125, 817.125, 
742.125, 584.125, 430.125, 7168.125, 40151.125, 564.125, 3341.125, 
4177.125, 8.125, 554.125, 730.125, 1236.125, 3389.125, 203.125, 
19612.125, 1967.125, 4956.125, 1613.125, 392.125, 1441.125, 24.125, 
1154.125, 2339.125, 1220.125, 329.125, 972.125, 63.125, 3651.125, 
721.125, 23649.375, 5942.375, 1083.375, 351.375, 56.375, 134.375, 
0.375, 0, 0, 0, 19.375, 0, 0, 0.375, 40.375, 11330.375, 113.375, 
1178.375, 47.375, 2610.375, 26432.375, 106373.375, 262343.375, 
56.375, 5607.375, 24.375, 41017.375, 1000.375, 556.375, 2467.375, 
1355.375, 23532.375, 550.375, 5310.375, 15272.375, 2430.375, 
846.375, 2620.375, 822.375, 585.375, 504.375, 324.375, 6374.375, 
44844.375, 502.375, 4395.375, 6671.375, 5.375, 411.375, 531.375, 
1209.375, 2949.375, 211.375, 17012.375, 2013.375, 4472.375, 1547.375, 
372.375, 1292.375, 18.375, 1307.375, 2318.375, 981.375, 399.375, 
1452.375, 44.375, 3641.375, 508.375, 10061.75, 3396.75, 522.75, 
238.75, 19.75, 55.75, 0.75, 0, 0, 0, 0.75, 0.75, 0.75, 0, 11.75, 
2261.75, 45.75, 434.75, 26.75, 1022.75, 15457.75, 34863.75, 104758.75, 
23.75, 2779.75, 7.75, 27897.75, 1106.75, 261.75, 1198.75, 709.75, 
14509.75, 424.75, 3650.75, 11141.75, 1364.75, 535.75, 1775.75, 
1116.75, 203.75, 399.75, 155.75, 3611.75, 12748.75, 209.75, 2868.75, 
1890.75, 8.75, 719.75, 376.75, 826.75, 2261.75, 177.75, 14580.75, 
1054.75, 3023.75, 695.75, 191.75, 801.75, 8.75, 493.75, 1145.75, 
585.75, 255.75, 1119.75, 19.75, 1304.75, 316.75, 12170.375, 3306.375, 
641.375, 249.375, 32.375, 66.375, 0, 0, 0, 4.375, 3.375, 2.375, 
0, 0, 14.375, 985.375, 60.375, 461.375, 31.375, 1020.375, 16834.375, 
26588.375, 81384.375, 24.375, 2956.375, 1.375, 29166.375, 911.375, 
201.375, 935.375, 913.375, 13100.375, 404.375, 2989.375, 10947.375, 
1810.375, 668.375, 1477.375, 842.375, 275.375, 373.375, 585.375, 
3349.375, 9689.375, 184.375, 3055.375, 1277.375, 10.375, 725.375, 
359.375, 778.375, 2036.375, 162.375, 13745.375, 1261.375, 3165.375, 
628.375, 189.375, 1260.375, 1.375, 528.375, 1135.375, 497.375, 
252.375, 2194.375, 26.375, 1410.375, 268.375, 13722.75, 3747.75, 
701.75, 298.75, 19.75, 70.75, 0.75, 0, 0, 1.75, 2.75, 2.75, 0, 
2.75, 22.75, 2285.75, 46.75, 650.75, 68.75, 1786.75, 18687.75, 
46331.75, 142095.75, 50.75, 3879.75, 7.75, 36693.75, 1474.75, 
335.75, 1438.75, 794.75, 23000.75, 482.75, 4872.75, 13950.75, 
1938.75, 845.75, 2573.75, 1129.75, 355.75, 491.75, 155.75, 3879.75, 
24705.75, 324.75, 3857.75, 1786.75, 7.75, 777.75, 416.75, 1033.75, 
3420.75, 244.75, 16879.75, 1452.75, 3119.75, 1099.75, 291.75, 
1547.75, 7.75, 1089.75, 1974.75, 1009.75, 196.75, 1572.75, 36.75, 
2212.75, 434.75, 14049.875, 4067.875, 757.875, 290.875, 35.875, 
39.875, 0, 0, 0, 0, 7.875, 0, 0, 2.875, 2.875, 2990.875, 38.875, 
540.875, 43.875, 1029.875, 16548.875, 30914.875, 92987.875, 18.875, 
2763.875, 0, 27746.875, 934.875, 241.875, 720.875, 959.875, 15724.875, 
398.875, 3552.875, 11235.875, 1997.875, 737.875, 2014.875, 793.875, 
200.875, 385.875, 198.875, 3203.875, 15693.875, 225.875, 3840.875, 
1241.875, 5.875, 710.875, 280.875, 745.875, 2859.875, 158.875, 
14740.875, 1349.875, 2971.875, 732.875, 142.875, 1193.875, 10.875, 
628.875, 1275.875, 780.875, 227.875, 1990.875, 25.875, 1780.875, 
251.875, 18221, 4997, 900, 297, 53, 50, 3, 0, 0, 0, 5, 0, 0, 
0, 16, 87, 64, 311, 64, 2213, 30598, 640, 64115, 72, 7236, 14, 
57850, 434, 295, 3428, 1306, 25486, 806, 5208, 20131, 3649, 1316, 
2388, 1216, 773, 718, 1595, 4358, 62943, 355, 1976, 930, 12, 
803, 340, 1268, 5052, 146, 28043, 2484, 5957, 1300, 308, 2430, 
21, 1526, 2454, 1408, 195, 311, 44, 2396, 528, 5503.375, 1549.375, 
316.375, 114.375, 15.375, 15.375, 0, 0, 0.375, 0.375, 0.375, 
1.375, 0, 1.375, 0, 91.375, 14.375, 125.375, 22.375, 947.375, 
9994.375, 421.375, 24994.375, 27.375, 2461.375, 9.375, 20861.375, 
190.375, 123.375, 1365.375, 461.375, 8196.375, 237.375, 1985.375, 
7419.375, 1296.375, 458.375, 783.375, 425.375, 318.375, 227.375, 
453.375, 1543.375, 30953.375, 120.375, 523.375, 469.375, 1.375, 
338.375, 124.375, 434.375, 1513.375, 51.375, 8486.375, 795.375, 
1691.375, 538.375, 134.375, 783.375, 4.375, 704.375, 933.375, 
580.375, 61.375, 107.375, 18.375, 1181.375, 155.375, 14946.875, 
4348.875, 749.875, 258.875, 54.875, 55.875, 0, 0, 1.875, 0, 4.875, 
0, 0, 2.875, 3.875, 90.875, 35.875, 304.875, 34.875, 1676.875, 
15318.875, 447.875, 37715.875, 21.875, 4731.875, 21.875, 33842.875, 
235.875, 208.875, 1819.875, 883.875, 14746.875, 356.875, 2894.875, 
11973.875, 1936.875, 619.875, 1245.875, 686.875, 491.875, 311.875, 
323.875, 2802.875, 37421.875, 211.875, 1174.875, 1302.875, 2.875, 
670.875, 198.875, 616.875, 2321.875, 51.875, 12083.875, 1437.875, 
3042.875, 812.875, 178.875, 1058.875, 8.875, 1686.875, 1506.875, 
831.875, 92.875, 165.875, 24.875, 2473.875, 329.875, 11122.875, 
3572.875, 545.875, 221.875, 35.875, 36.875, 0, 6.875, 0, 1.875, 
3.875, 0.875, 0, 0, 4.875, 153.875, 81.875, 398.875, 137.875, 
4262.875, 36626.875, 834.875, 83673.875, 140.875, 11596.875, 
37.875, 80818.875, 972.875, 479.875, 4519.875, 3256.875, 41415.875, 
683.875, 11222.875, 40381.875, 4565.875, 1465.875, 3473.875, 
2122.875, 1328.875, 769.875, 1825.875, 7153.875, 204516.875, 
438.875, 2568.875, 983.875, 6.875, 1592.875, 671.875, 2157.875, 
5756.875, 127.875, 30902.875, 2946.875, 6639.875, 2086.875, 768.875, 
1812.875, 27.875, 2652.875, 4114.875, 2257.875, 266.875, 633.875, 
49.875, 4052.875, 670.875, 14259, 4143, 663, 284, 45, 88, 0, 
3, 0, 0, 9, 0, 0, 0, 8, 172, 73, 390, 73, 2420, 34202, 33424, 
278124, 498, 8567, 26, 46568, 718, 315, 3520, 2063, 29134, 346, 
6471, 23039, 2605, 907, 1756, 979, 773, 426, 903, 4432, 96651, 
294, 2200, 1713, 5, 685, 433, 1335, 3825, 59, 16230, 1600, 4158, 
1357, 466, 1137, 14, 1562, 2680, 1130, 161, 319, 32, 3018, 387, 
21393.5, 5681.5, 1057.5, 355.5, 63.5, 67.5, 0, 0.5, 0, 0, 13.5, 
2.5, 0, 0, 2.5, 570.5, 66.5, 404.5, 83.5, 3593.5, 23496.5, 1140.5, 
57521.5, 141.5, 9648.5, 12.5, 58315.5, 546.5, 312.5, 3622.5, 
2091.5, 29145.5, 442.5, 7043.5, 26238.5, 3105.5, 987.5, 1520.5, 
1681.5, 934.5, 532.5, 695.5, 4325.5, 133061.5, 404.5, 1493.5, 
666.5, 0.5, 844.5, 425.5, 1377.5, 3447.5, 79.5, 19884.5, 2045.5, 
4636.5, 1584.5, 478.5, 1593.5, 28.5, 2034.5, 2995.5, 1610.5, 
158.5, 369.5, 68.5, 2991.5, 432.5, 9116.875, 2775.875, 432.875, 
169.875, 20.875, 94.875, 0.875, 0, 1.875, 0.875, 4.875, 0, 0, 
0, 33.875, 8236.875, 125.875, 1152.875, 22.875, 2197.875, 34671.875, 
141031.875, 548699.875, 120.875, 7229.875, 17.875, 46605.875, 
1040.875, 672.875, 3578.875, 808.875, 24342.875, 351.875, 5483.875, 
16227.875, 2625.875, 924.875, 4670.875, 1064.875, 498.875, 441.875, 
51.875, 5310.875, 29074.875, 695.875, 2864.875, 4181.875, 8.875, 
403.875, 528.875, 1536.875, 2313.875, 372.875, 16444.875, 1876.875, 
4236.875, 1631.875, 232.875, 1296.875, 7.875, 1669.875, 2047.875, 
861.875, 248.875, 756.875, 69.875, 2260.875, 528.875, 10222.25, 
2831.25, 562.25, 202.25, 26.25, 61.25, 1.25, 0.25, 0, 0, 4.25, 
0.25, 0, 2.25, 25.25, 5042.25, 101.25, 1226.25, 27.25, 1810.25, 
28586.25, 106332.25, 380852.25, 143.25, 6871.25, 4.25, 39083.25, 
956.25, 566.25, 3328.25, 665.25, 26879.25, 309.25, 4457.25, 13213.25, 
2562.25, 854.25, 3079.25, 934.25, 527.25, 399.25, 74.25, 4837.25, 
17725.25, 495.25, 2499.25, 4740.25, 1.25, 415.25, 480.25, 1509.25, 
2452.25, 328.25, 15476.25, 1927.25, 3643.25, 1282.25, 210.25, 
1607.25, 12.25, 1276.25, 2002.25, 569.25, 226.25, 1317.25, 56.25, 
1144.25, 435.25, 11044.75, 3244.75, 611.75, 202.75, 17.75, 59.75, 
4.75, 0, 0, 0, 5.75, 0, 0, 0, 14.75, 9262.75, 100.75, 860.75, 
33.75, 1967.75, 24755.75, 91850.75, 383080.75, 98.75, 5520.75, 
10.75, 31860.75, 884.75, 526.75, 2856.75, 1050.75, 18834.75, 
218.75, 4488.75, 11566.75, 2122.75, 673.75, 2606.75, 641.75, 
429.75, 337.75, 105.75, 5800.75, 27916.75, 487.75, 2623.75, 4076.75, 
3.75, 325.75, 456.75, 1025.75, 1882.75, 223.75, 12611.75, 1256.75, 
3291.75, 1260.75, 166.75, 925.75, 6.75, 1178.75, 1479.75, 691.75, 
158.75, 2053.75, 31.75, 2157.75, 375.75, 12237, 3388, 646, 178, 
30, 80, 0, 1, 0, 5, 8, 0, 0, 0, 23, 9122, 106, 942, 32, 2411, 
32801, 113054, 446907, 99, 8036, 12, 44435, 876, 514, 3208, 1443, 
24985, 279, 6352, 12855, 3210, 1084, 3183, 872, 530, 441, 424, 
7825, 31855, 577, 3623, 4314, 13, 452, 560, 1674, 2911, 288, 
17208, 1988, 4248, 1519, 198, 1608, 13, 1549, 2167, 823, 190, 
1940, 33, 3118, 453, 15875.875, 4285.875, 853.875, 256.875, 50.875, 
82.875, 4.875, 0, 0, 5.875, 3.875, 0, 0, 0, 15.875, 4229.875, 
61.875, 1087.875, 37.875, 2055.875, 22327.875, 91527.875, 246209.875, 
67.875, 5655.875, 14.875, 33142.875, 690.875, 452.875, 1426.875, 
1362.875, 19766.875, 437.875, 3972.875, 10357.875, 1634.875, 
727.875, 2377.875, 507.875, 463.875, 349.875, 213.875, 5719.875, 
24116.875, 388.875, 2812.875, 5564.875, 1.875, 414.875, 489.875, 
1073.875, 2671.875, 201.875, 13767.875, 1757.875, 3890.875, 1250.875, 
201.875, 1138.875, 11.875, 1152.875, 1659.875, 790.875, 163.875, 
1415.875, 29.875, 2704.875, 522.875, 12799.125, 3598.125, 631.125, 
212.125, 34.125, 61.125, 2.125, 0.125, 0, 0, 5.125, 0.125, 0, 
0, 19.125, 3410.125, 87.125, 1013.125, 24.125, 2091.125, 21755.125, 
89516.125, 263539.125, 48.125, 5122.125, 5.125, 34626.125, 753.125, 
400.125, 1160.125, 1100.125, 18569.125, 391.125, 4258.125, 14447.125, 
1646.125, 709.125, 2570.125, 759.125, 427.125, 366.125, 250.125, 
4607.125, 37903.125, 335.125, 2074.125, 4671.125, 1.125, 598.125, 
573.125, 1078.125, 2520.125, 224.125, 13188.125, 1422.125, 3457.125, 
1165.125, 279.125, 1217.125, 10.125, 1138.125, 1762.125, 846.125, 
176.125, 1169.125, 20.125, 2388.125, 415.125, 8831.5, 2389.5, 
479.5, 176.5, 16.5, 38.5, 0, 0, 0, 2.5, 7.5, 0, 0, 0, 1.5, 1.5, 
48.5, 366.5, 32.5, 3124.5, 24268.5, 42.5, 50045.5, 1.5, 4606.5, 
8.5, 40367.5, 422.5, 228.5, 3190.5, 1506.5, 27455.5, 583.5, 4757.5, 
19828.5, 2956.5, 1212.5, 2449.5, 1186.5, 712.5, 497.5, 837.5, 
3534.5, 48023.5, 304.5, 1634.5, 489.5, 3.5, 723.5, 380.5, 1139.5, 
4493.5, 72.5, 17615.5, 1331.5, 3892.5, 1153.5, 467.5, 1180.5, 
8.5, 1430.5, 2341.5, 1544.5, 186.5, 287.5, 37.5, 3668.5, 410.5
), .Dim = c(68L, 25L), .Dimnames = list(c("POS_A(128)", "POS_B(32)", 
"POS_C(8)", "POS_D(2)", "POS_E(0.5)", "POS_F(0.125)", "NEG_A(0)", 
"NEG_B(0)", "NEG_C(0)", "NEG_D(0)", "NEG_E(0)", "NEG_F(0)", "NEG_G(0)", 
"NEG_H(0)", "Ahrr", "Aldh3a1", "Bbs2", "Ccbl1", "Cmkor1", "Col18a1", 
"Cyb5", "Cyp1a1", "Cyp1a2", "Cyp1b1", "Cyp2a1", "Cyp2s1", "Eef1a1", 
"Eml4_predicted", "Exoc3", "Fdft1", "Fmo1", "Gapdh", "Gfer", 
"Ghr", "Glud1", "Hagh", "Hprt1", "Hsd17b12", "Ivns1abp_predicted", 
"Lasp1", "LOC308846", "LOC368066", "Mawbp", "Mug1", "Neu1", "Nfe2l2", 
"Nqo1", "Nrbp2", "Nudt4", "Pde2a", "Perp_predicted", "Pgk1", 
"Pmm1", "Ppia", "Psmb4", "RGD1305831_predicted", "RGD1311835", 
"RGD1559716_predicted", "Rpl13A", "Scn4b", "Sdc1", "Sdha", "Slco1a1", 
"Srxn1", "Tiparp", "Tpm1", "Ugt1a1", "Zfp422"), c("HW1D.a", "HW2B.b", 
"HW3B.a", "HW4C.b", "HW5D.b", "HW6A.b", "WW41B.a", "WW42.a", 
"WW45A.b", "WW46D.a", "WW47A.b", "WW48B.a", "LE100C.a", "LE101A.a", 
"LE102.a", "LE4D51.a", "LE4D53.a", "LE4D56.b", "WW37.b", "WW38.b", 
"WW39.a", "WW40.b", "WW43.b", "WW44.a", "HW4D12.B"))), background.level = structure(c(2.625, 
2.875, 3.625, 4.5, 4.75, 4, 6.875, 10.625, 2.25, 5.625, 6.25, 
5.125, 4, 1.625, 4.125, 10.125, 5, 10.5, 4.125, 3.75, 5.25, 5, 
5.125, 5.875, 3.5), .Names = c("HW1D.a", "HW2B.b", "HW3B.a", 
"HW4C.b", "HW5D.b", "HW6A.b", "WW41B.a", "WW42.a", "WW45A.b", 
"WW46D.a", "WW47A.b", "WW48B.a", "LE100C.a", "LE101A.a", "LE102.a", 
"LE4D51.a", "LE4D53.a", "LE4D56.b", "WW37.b", "WW38.b", "WW39.a", 
"WW40.b", "WW43.b", "WW44.a", "HW4D12.B"))), .Names = c("x", 
"background.level"))
