structure(list(HW1D.a = c(13.28, 11.76, 9.077, 7.665, 4.807, 
5.248, 1, 0, 2.322, 2.322, 2.807, 0, 0, 0, 3.322, 2, 4.7, 7.508, 
4.17, 10.34, 14.15, 3.807, 14.9, 2.322, 11.74, 2.807, 14.75, 
7.801, 7.285, 10.36, 9.841, 13.98, 8.435, 12.12, 13.72, 10.71, 
9.066, 10.58, 9.631, 8.248, 8.371, 8.375, 11.06, 14.67, 7.044, 
9.238, 7.966, 2.322, 9.127, 7.714, 9.647, 11.43, 5.728, 13.75, 
9.954, 11.46, 9.274, 7.833, 8.895, 3.585, 10.47, 10.37, 9.893, 
5.833, 7.248, 3.585, 10.58, 8), HW2B.b = c(13.1, 11.74, 9.028, 
7.748, 4.807, 4.807, 0, 1, 2, 1, 3, 1, 0, 1.585, 0, 2.585, 5, 
7.418, 4.248, 10.4, 14.2, 5.585, 14.96, 3.17, 11.86, 3.17, 14.83, 
8.098, 7.384, 10.35, 10.33, 13.87, 8.524, 11.93, 14.05, 10.59, 
9.053, 10.55, 10.18, 8.299, 8.426, 9.058, 11.34, 14.63, 7.358, 
9.758, 8.662, 3.7, 9.587, 7.983, 9.809, 11.13, 6.109, 13.79, 
9.767, 11.46, 9.217, 7.788, 8.651, 3, 10.26, 10.29, 10.03, 6.022, 
7.658, 3.907, 11.2, 7.637), HW3B.a = c(13.25, 11.86, 9.207, 7.901, 
4.644, 4.907, 1.585, 2, 1.585, 2.807, 3.322, 1, 0, 0, 0, 2.585, 
4.644, 7.087, 3.585, 9.476, 14.14, 4.644, 14.03, 1.585, 11.52, 
1, 14.87, 7.459, 7.109, 9.82, 9.502, 13.26, 8.539, 11.83, 13.26, 
10.77, 9.082, 10.2, 9.687, 7.833, 8.596, 8.954, 11.3, 13.18, 
6.977, 8.836, 5.858, 3, 9.577, 7.384, 9.622, 11.02, 5.209, 13.93, 
10.26, 11.86, 9.008, 7.392, 9.537, 3.17, 9.512, 9.913, 9.238, 
5.883, 7.366, 4, 9.957, 7.435), HW4C.b = c(13.14, 11.64, 9.042, 
7.672, 4.907, 4.907, 1.585, 2.322, 2.322, 1, 3.459, 1, 2.322, 
1.585, 2.807, 7.755, 5.615, 7.6, 5.585, 10.7, 14.42, 12.77, 16.13, 
3.7, 12.04, 3.322, 15.1, 8.57, 7.735, 10.87, 10.43, 14.09, 8.679, 
12.38, 14.1, 11.03, 9.453, 10.74, 10.32, 8.531, 8.718, 9.478, 
11.79, 14.69, 7.562, 10.49, 8.718, 2.322, 9.644, 8.082, 9.803, 
11.45, 6.728, 13.91, 10.01, 11.69, 9.644, 8.071, 9.116, 3.807, 
10.2, 10.72, 10.04, 6.672, 10.53, 3.807, 11.46, 7.943), HW5D.b = c(13.32, 
11.82, 9.187, 7.714, 5.285, 4.807, 2.807, 0, 1.585, 3, 3, 2, 
2, 1.585, 2.585, 5.7, 5.392, 7.983, 4.755, 10.38, 14.39, 12.42, 
15.7, 1, 11.84, 3.322, 15.12, 8.69, 7.741, 10.79, 10.5, 13.96, 
8.945, 11.83, 13.92, 11.13, 9.665, 10.27, 10.07, 8.313, 8.785, 
9.297, 11.88, 14.23, 7.459, 10.35, 6.768, 3.322, 9.638, 8.331, 
9.844, 11.37, 6.34, 14.05, 10.39, 11.92, 9.347, 8.103, 10.07, 
3, 9.753, 10.61, 9.64, 6.508, 10.03, 4.322, 10.79, 7.87), HW6A.b = c(13.56, 
11.93, 9.349, 8.077, 5.248, 5, 1.585, 1, 2, 2.585, 3.459, 1, 
1, 1, 2.322, 6.229, 5.459, 7.807, 5.209, 11.1, 14.3, 12.68, 15.98, 
3.17, 12.15, 3.322, 15.18, 8.714, 7.889, 10.97, 10.54, 14.24, 
8.718, 12.21, 14.12, 11.08, 9.468, 10.88, 10.01, 8.711, 8.752, 
9.147, 11.94, 15.04, 8.017, 10.42, 8.687, 2.585, 10, 8.435, 10.05, 
11.62, 6.34, 13.99, 10.43, 11.66, 9.757, 8.516, 9.791, 3.907, 
10.38, 10.87, 10.01, 6.358, 10.34, 4.524, 11.18, 7.781), WW41B.a = c(14.21, 
12.31, 9.973, 8.418, 5.524, 6.919, 3.17, 3.17, 2.322, 2.585, 
3.7, 2.585, 2, 1.585, 5.358, 12.5, 6.966, 10.18, 5.858, 11.53, 
14.89, 16.74, 18.27, 6.209, 12.57, 4.087, 15.5, 9.982, 9.241, 
11.49, 10.73, 14.65, 9.342, 12.58, 13.97, 11.39, 9.833, 11.39, 
9.687, 9.549, 9.207, 8.771, 12.81, 15.29, 9.157, 11.71, 12.03, 
3.907, 9.132, 9.526, 10.28, 11.73, 7.714, 14.26, 10.95, 12.28, 
10.66, 8.64, 10.5, 4.954, 10.18, 11.2, 10.26, 8.392, 9.935, 6.129, 
11.84, 9.508), WW42.a = c(14.53, 12.54, 10.1, 8.5, 6.066, 7.18, 
3.459, 2.807, 2.322, 3, 4.907, 3.322, 1.585, 3.459, 5.672, 13.47, 
6.954, 10.22, 5.858, 11.36, 14.69, 16.7, 18, 6.066, 12.46, 5.129, 
15.32, 9.982, 9.147, 11.27, 10.42, 14.52, 9.132, 12.38, 13.9, 
11.25, 9.743, 11.36, 9.702, 9.219, 9.008, 8.388, 12.64, 15.45, 
9.003, 12.11, 12.71, 4, 8.721, 9.082, 10.25, 11.53, 7.794, 14.06, 
10.98, 12.13, 10.61, 8.581, 10.35, 4.858, 10.36, 11.19, 9.954, 
8.679, 10.51, 5.781, 11.83, 9.02), WW45A.b = c(13.3, 11.73, 9.036, 
7.913, 4.459, 5.858, 1.585, 0, 1, 1, 1.585, 1.585, 1.585, 0, 
3.807, 11.14, 5.585, 8.771, 4.858, 10, 13.92, 15.09, 16.68, 4.7, 
11.44, 3.322, 14.77, 10.12, 8.044, 10.23, 9.476, 13.82, 8.738, 
11.83, 13.44, 10.42, 9.071, 10.8, 10.13, 7.687, 8.651, 7.304, 
11.82, 13.64, 7.728, 11.49, 10.89, 3.459, 9.496, 8.566, 9.695, 
11.14, 7.492, 13.83, 10.05, 11.56, 9.447, 7.6, 9.651, 3.459, 
8.954, 10.16, 9.2, 8.011, 10.13, 4.459, 10.35, 8.317), WW46D.a = c(13.57, 
11.69, 9.338, 7.994, 5.248, 6.17, 2.322, 1, 2, 3.322, 3.17, 3, 
1, 2.322, 4.322, 9.953, 6.044, 8.867, 5.209, 10, 14.04, 14.7, 
16.31, 4.907, 11.53, 2.807, 14.83, 9.841, 7.693, 9.878, 9.844, 
13.68, 8.679, 11.55, 13.42, 10.83, 9.397, 10.53, 9.728, 8.134, 
8.566, 9.207, 11.71, 13.24, 7.57, 11.58, 10.33, 4, 9.514, 8.512, 
9.615, 11, 7.392, 13.75, 10.31, 11.63, 9.308, 7.607, 10.31, 2.807, 
9.061, 10.16, 8.974, 8.011, 11.1, 5, 10.47, 8.098), WW47A.b = c(13.74, 
11.87, 9.468, 8.253, 4.7, 6.267, 2.807, 1, 1.585, 3, 3.17, 3.17, 
1.585, 3.17, 4.858, 11.16, 5.728, 9.36, 6.229, 10.81, 14.19, 
15.5, 17.12, 5.833, 11.92, 3.807, 15.16, 10.53, 8.418, 10.5, 
9.646, 14.49, 8.934, 12.25, 13.77, 10.93, 9.735, 11.33, 10.15, 
8.5, 8.96, 7.34, 11.92, 14.59, 8.371, 11.92, 10.81, 3.807, 9.615, 
8.725, 10.02, 11.74, 7.972, 14.04, 10.51, 11.61, 10.11, 8.219, 
10.6, 3.807, 10.1, 10.95, 9.989, 7.665, 10.62, 5.426, 11.12, 
8.785), WW48B.a = c(13.78, 11.99, 9.576, 8.209, 5.358, 5.492, 
2, 0, 2.322, 2, 3.7, 2.322, 1, 3, 3, 11.55, 5.459, 9.093, 5.615, 
10.02, 14.01, 14.92, 16.5, 4.585, 11.44, 2.322, 14.76, 9.877, 
7.948, 9.504, 9.914, 13.94, 8.658, 11.8, 13.46, 10.97, 9.537, 
10.98, 9.642, 7.687, 8.611, 7.672, 11.65, 13.94, 7.852, 11.91, 
10.28, 3.459, 9.484, 8.16, 9.553, 11.48, 7.358, 13.85, 10.4, 
11.54, 9.527, 7.209, 10.23, 4, 9.308, 10.32, 9.618, 7.864, 10.96, 
4.954, 10.8, 8.006), LE100C.a = c(14.15, 12.29, 9.82, 8.234, 
5.833, 5.755, 2.807, 1.585, 2, 1.585, 3.17, 2, 0, 1, 4.322, 6.508, 
6.087, 8.299, 6.087, 11.11, 14.9, 9.331, 15.97, 6.248, 12.82, 
4.17, 15.82, 8.775, 8.224, 11.74, 10.36, 14.64, 9.662, 12.35, 
14.3, 11.83, 10.37, 11.22, 10.25, 9.602, 9.496, 10.64, 12.09, 
15.94, 8.488, 10.95, 9.867, 4, 9.656, 8.426, 10.31, 12.3, 7.229, 
14.78, 11.28, 12.54, 10.35, 8.285, 11.25, 4.644, 10.58, 11.26, 
10.46, 7.637, 8.299, 5.585, 11.23, 9.055), LE101A.a = c(12.43, 
10.6, 8.313, 6.858, 4.087, 4.087, 0, 0, 1, 1, 1, 1.585, 0, 1.585, 
0, 6.539, 4, 6.989, 4.585, 9.89, 13.29, 8.725, 14.61, 4.858, 
11.27, 3.459, 14.35, 7.585, 6.966, 10.42, 8.855, 13, 7.901, 10.96, 
12.86, 10.34, 8.845, 9.617, 8.738, 8.322, 7.839, 8.83, 10.59, 
14.92, 6.931, 9.036, 8.88, 1.585, 8.409, 6.977, 8.768, 10.57, 
5.728, 13.05, 9.638, 10.73, 9.077, 7.087, 9.617, 2.585, 9.464, 
9.869, 9.185, 5.977, 6.768, 4.322, 10.21, 7.295), LE102.a = c(13.87, 
12.09, 9.558, 8.039, 5.883, 5.907, 2, 1, 2.585, 1.585, 3.17, 
1, 0, 2.807, 3, 6.57, 5.322, 8.271, 5.285, 10.72, 13.9, 8.82, 
15.2, 4.7, 12.21, 4.7, 15.05, 7.907, 7.735, 10.83, 9.794, 13.85, 
8.496, 11.5, 13.55, 10.92, 9.285, 10.29, 9.433, 8.954, 8.304, 
8.358, 11.45, 15.19, 7.755, 10.2, 10.35, 2.807, 9.399, 7.665, 
9.278, 11.18, 5.807, 13.56, 10.49, 11.57, 9.674, 7.516, 10.05, 
3.7, 10.72, 10.56, 9.707, 6.6, 7.409, 4.858, 11.27, 8.384), LE4D51.a = c(13.44, 
11.81, 9.119, 7.858, 5.524, 5.555, 2.807, 4.087, 3.322, 3.585, 
3.807, 3.459, 2, 2.585, 3.907, 7.358, 6.524, 8.676, 7.209, 12.06, 
15.16, 9.723, 16.35, 7.238, 13.5, 5.585, 16.3, 9.941, 8.937, 
12.15, 11.67, 15.34, 9.439, 13.46, 15.3, 12.16, 10.53, 11.77, 
11.06, 10.39, 9.607, 10.84, 12.81, 17.64, 8.811, 11.33, 9.957, 
4.087, 10.65, 9.414, 11.08, 12.49, 7.109, 14.92, 11.53, 12.7, 
11.03, 9.605, 10.83, 5.248, 11.38, 12.01, 11.15, 8.114, 9.331, 
5.907, 11.99, 9.412), LE4D53.a = c(13.8, 12.02, 9.384, 8.175, 
5.644, 6.539, 2.322, 3, 1.585, 0, 3.807, 1.585, 1, 2, 3.7, 7.468, 
6.285, 8.626, 6.285, 11.24, 15.06, 15.03, 18.09, 8.974, 13.07, 
4.954, 15.51, 9.498, 8.322, 11.78, 11.01, 14.83, 8.455, 12.66, 
14.49, 11.35, 9.833, 10.78, 9.943, 9.604, 8.752, 9.827, 12.12, 
16.56, 8.224, 11.11, 10.75, 3.322, 9.43, 8.775, 10.39, 11.9, 
6, 13.99, 10.65, 12.02, 10.41, 8.88, 10.16, 4.248, 10.61, 11.39, 
10.15, 7.375, 8.34, 5.209, 11.56, 8.615), LE4D56.b = c(14.39, 
12.47, 10.06, 8.516, 6.209, 6.285, 3.17, 3.459, 3.17, 2.585, 
4.585, 3.7, 1, 3.322, 3.7, 9.182, 6.267, 8.697, 6.555, 11.82, 
14.52, 10.17, 15.81, 7.248, 13.24, 4.524, 15.83, 9.122, 8.335, 
11.83, 11.04, 14.83, 8.823, 12.78, 14.68, 11.61, 9.963, 10.58, 
10.72, 9.884, 9.085, 9.464, 12.08, 17.02, 8.697, 10.55, 9.403, 
3.459, 9.74, 8.768, 10.44, 11.76, 6.492, 14.28, 11.01, 12.18, 
10.64, 8.934, 10.65, 5.285, 11, 11.55, 10.66, 7.401, 8.57, 6.304, 
11.55, 8.791), WW37.b = c(13.15, 11.44, 8.771, 7.443, 4.644, 
6.629, 2.322, 2, 2.585, 2.322, 3.17, 1, 1, 0, 5.248, 13.01, 7.022, 
10.18, 4.755, 11.1, 15.08, 17.11, 19.07, 6.966, 12.82, 4.459, 
15.51, 10.03, 9.403, 11.81, 9.667, 14.57, 8.476, 12.42, 13.99, 
11.36, 9.86, 12.19, 10.06, 8.974, 8.801, 5.807, 12.38, 14.83, 
9.451, 11.49, 12.03, 3.7, 8.672, 9.058, 10.59, 11.18, 8.558, 
14.01, 10.88, 12.05, 10.68, 7.889, 10.35, 3.585, 10.71, 11, 9.758, 
7.983, 9.572, 6.209, 11.15, 9.058), WW38.b = c(13.32, 11.47, 
9.145, 7.687, 4.907, 6.022, 2.322, 2, 0, 0, 3, 2, 0, 2.585, 4.858, 
12.3, 6.714, 10.26, 4.954, 10.82, 14.8, 16.7, 18.54, 7.2, 12.75, 
3, 15.25, 9.907, 9.155, 11.7, 9.386, 14.71, 8.29, 12.12, 13.69, 
11.33, 9.745, 11.59, 9.873, 9.053, 8.655, 6.285, 12.24, 14.11, 
8.963, 11.29, 12.21, 2.322, 8.711, 8.919, 10.56, 11.26, 8.375, 
13.92, 10.92, 11.83, 10.33, 7.741, 10.65, 4, 10.32, 10.97, 9.162, 
7.845, 10.37, 5.907, 10.16, 8.778), WW39.a = c(13.43, 11.67, 
9.269, 7.7, 4.524, 6.022, 3.322, 1, 2.322, 2, 3.459, 2.322, 0, 
2, 4.322, 13.18, 6.728, 9.758, 5.285, 10.95, 14.6, 16.49, 18.55, 
6.7, 12.43, 4, 14.96, 9.798, 9.055, 11.48, 10.04, 14.2, 7.807, 
12.13, 13.5, 11.06, 9.407, 11.35, 9.338, 8.765, 8.422, 6.794, 
12.5, 14.77, 8.945, 11.36, 12, 3.17, 8.371, 8.852, 10.01, 10.88, 
7.839, 13.62, 10.3, 11.69, 10.31, 7.426, 9.863, 3.585, 10.21, 
10.54, 9.445, 7.358, 11.01, 5.209, 11.08, 8.574), WW40.b = c(13.58, 
11.73, 9.347, 7.516, 5.129, 6.409, 2, 2.585, 0, 3.322, 3.7, 1.585, 
1, 0, 4.807, 13.16, 6.794, 9.887, 5.209, 11.24, 15, 16.79, 18.77, 
6.7, 12.97, 4.087, 15.44, 9.783, 9.02, 11.65, 10.5, 14.61, 8.15, 
12.63, 13.65, 11.65, 10.09, 11.64, 9.776, 9.063, 8.801, 8.745, 
12.93, 14.96, 9.185, 11.82, 12.08, 4.17, 8.836, 9.142, 10.71, 
11.51, 8.195, 14.07, 10.96, 12.05, 10.57, 7.665, 10.66, 4.17, 
10.6, 11.08, 9.693, 7.607, 10.93, 5.248, 11.61, 8.839), WW43.b = c(13.96, 
12.07, 9.747, 8.033, 5.807, 6.459, 3.322, 1, 0, 3.459, 3.17, 
2, 0, 2.322, 4.392, 12.05, 6.066, 10.09, 5.426, 11.01, 14.45, 
16.48, 17.91, 6.19, 12.47, 4.322, 15.02, 9.443, 8.839, 10.48, 
10.42, 14.27, 8.791, 11.96, 13.34, 10.68, 9.518, 11.22, 9.003, 
8.873, 8.472, 7.775, 12.48, 14.56, 8.622, 11.46, 12.44, 2.807, 
8.714, 8.951, 10.08, 11.39, 7.693, 13.75, 10.78, 11.93, 10.29, 
7.693, 10.16, 4.087, 10.18, 10.7, 9.637, 7.401, 10.47, 5.129, 
11.4, 9.044), WW44.a = c(13.64, 11.82, 9.315, 7.768, 5.322, 6.066, 
3, 2.585, 1.585, 2.322, 3.459, 2.585, 2.322, 1.585, 4.644, 11.74, 
6.539, 9.993, 4.907, 11.03, 14.41, 16.45, 18.01, 5.755, 12.32, 
3.459, 15.08, 9.568, 8.665, 10.19, 10.11, 14.18, 8.633, 12.06, 
13.82, 10.69, 9.482, 11.33, 9.579, 8.758, 8.539, 8, 12.17, 15.21, 
8.414, 11.02, 12.19, 2.807, 9.238, 9.177, 10.08, 11.3, 7.845, 
13.69, 10.48, 11.76, 10.19, 8.155, 10.26, 4, 10.16, 10.79, 9.735, 
7.508, 10.2, 4.7, 11.23, 8.718), HW4D12.B = c(13.11, 11.22, 8.916, 
7.492, 4.322, 5.392, 0, 1.585, 1, 2.585, 3.459, 1.585, 0, 0, 
2.322, 2.322, 5.7, 8.531, 5.17, 11.61, 14.57, 5.524, 15.61, 2.322, 
12.17, 3.585, 15.3, 8.735, 7.858, 11.64, 10.56, 14.74, 9.197, 
12.22, 14.28, 11.53, 10.25, 11.26, 10.22, 9.484, 8.969, 9.716, 
11.79, 15.55, 8.267, 10.68, 8.945, 2.807, 9.506, 8.585, 10.16, 
12.13, 6.248, 14.1, 10.38, 11.93, 10.18, 8.88, 10.21, 3.585, 
10.49, 11.2, 10.6, 7.57, 8.185, 5.358, 11.84, 8.693)), .Names = c("HW1D.a", 
"HW2B.b", "HW3B.a", "HW4C.b", "HW5D.b", "HW6A.b", "WW41B.a", 
"WW42.a", "WW45A.b", "WW46D.a", "WW47A.b", "WW48B.a", "LE100C.a", 
"LE101A.a", "LE102.a", "LE4D51.a", "LE4D53.a", "LE4D56.b", "WW37.b", 
"WW38.b", "WW39.a", "WW40.b", "WW43.b", "WW44.a", "HW4D12.B"), row.names = c("POS_A(128)", 
"POS_B(32)", "POS_C(8)", "POS_D(2)", "POS_E(0.5)", "POS_F(0.125)", 
"NEG_A(0)", "NEG_B(0)", "NEG_C(0)", "NEG_D(0)", "NEG_E(0)", "NEG_F(0)", 
"NEG_G(0)", "NEG_H(0)", "Ahrr", "Aldh3a1", "Bbs2", "Ccbl1", "Cmkor1", 
"Col18a1", "Cyb5", "Cyp1a1", "Cyp1a2", "Cyp1b1", "Cyp2a1", "Cyp2s1", 
"Eef1a1", "Eml4_predicted", "Exoc3", "Fdft1", "Fmo1", "Gapdh", 
"Gfer", "Ghr", "Glud1", "Hagh", "Hprt1", "Hsd17b12", "Ivns1abp_predicted", 
"Lasp1", "LOC308846", "LOC368066", "Mawbp", "Mug1", "Neu1", "Nfe2l2", 
"Nqo1", "Nrbp2", "Nudt4", "Pde2a", "Perp_predicted", "Pgk1", 
"Pmm1", "Ppia", "Psmb4", "RGD1305831_predicted", "RGD1311835", 
"RGD1559716_predicted", "Rpl13A", "Scn4b", "Sdc1", "Sdha", "Slco1a1", 
"Srxn1", "Tiparp", "Tpm1", "Ugt1a1", "Zfp422"), class = "data.frame")
