structure(c(12725.2, 3750.1, 667, 245.6, 38.4, 62.6, 5.3, 4.2, 
4, 5.5, 11, 4.7, 2, 4, 17.2, 2662.8, 68.5, 570.8, 46.4, 1994.6, 
23303.1, 41749.1, 165342.3, 74.7, 5357.9, 16, 38864, 685.8, 340.8, 
2237.9, 1271, 20730.3, 434.5, 4835, 15900.2, 2308.8, 816.6, 2174.8, 
995, 505.2, 440.7, 519.2, 4337.5, 42812, 330.8, 2222.8, 2116.4, 
10.4, 679.5, 401.3, 1100.7, 2954.8, 156.7, 16432.8, 1556.3, 3773.7, 
1096.4, 292.1, 1182.7, 16.7, 1264.9, 1883.8, 984.1, 180.3, 983.6, 
37.5, 2378.2, 383.2, 4263, 969.8, 193, 61.1, 15.3, 31.2, 3.1, 
3.9, 2.3, 3.2, 5.7, 3.2, 1.6, 3.1, 13.3, 3522.9, 34, 385.4, 29.2, 
867.7, 6964.3, 47758.2, 153413.5, 102, 2353.7, 10.5, 12639.3, 
353, 165, 1086.4, 588.4, 7299.7, 138.3, 1791.6, 6677.7, 765.3, 
254.5, 867.4, 356.6, 263, 121.8, 431.3, 1631, 43310.6, 162.2, 
1123.2, 2004.7, 4.4, 264.5, 155.9, 372.3, 988.5, 94.7, 4617.4, 
513.8, 1039.2, 431.6, 145.2, 454, 9, 482.4, 719.7, 397, 91, 682, 
19.5, 863.7, 152.4, 33.5, 25.9, 28.9, 24.9, 39.8, 49.9, 57.6, 
93.8, 57.3, 58, 51.4, 68.1, 77.7, 78.1, 77.3, 132.3, 49.6, 67.5, 
62.9, 43.5, 29.9, 114.4, 92.8, 136.5, 43.9, 65.5, 32.5, 51.5, 
48.4, 48.5, 46.3, 35.2, 31.8, 37.1, 42, 33.1, 31.2, 39.9, 35.8, 
52.1, 27.6, 83.1, 37.6, 101.2, 49, 50.5, 94.7, 42.1, 38.9, 38.8, 
33.8, 33.5, 60.5, 28.1, 33, 27.5, 39.4, 49.7, 38.4, 54.1, 38.1, 
38.2, 40.3, 50.4, 69.3, 52, 36.3, 39.8, 0, 0, 0, 0, 0, 0, 4, 
8, 4, 0, 0, 0, 20, 12, 0, 0, 0, 0, 0, 0, 0, 0, 0, 0, 0, 0, 0, 
0, 0, 0, 0, 0, 0, 0, 0, 0, 0, 0, 0, 0, 0, 0, 0, 0, 0, 0, 0, 0, 
0, 0, 0, 0, 0, 0, 0, 0, 0, 0, 0, 0, 0, 0, 0, 0, 0, 0, 0, 0), .Dim = c(68L, 
4L), .Dimnames = list(c("POS_A(128)", "POS_B(32)", "POS_C(8)", 
"POS_D(2)", "POS_E(0.5)", "POS_F(0.125)", "NEG_A(0)", "NEG_B(0)", 
"NEG_C(0)", "NEG_D(0)", "NEG_E(0)", "NEG_F(0)", "NEG_G(0)", "NEG_H(0)", 
"Ahrr", "Aldh3a1", "Bbs2", "Ccbl1", "Cmkor1", "Col18a1", "Cyb5", 
"Cyp1a1", "Cyp1a2", "Cyp1b1", "Cyp2a1", "Cyp2s1", "Eef1a1", "Eml4_predicted", 
"Exoc3", "Fdft1", "Fmo1", "Gapdh", "Gfer", "Ghr", "Glud1", "Hagh", 
"Hprt1", "Hsd17b12", "Ivns1abp_predicted", "Lasp1", "LOC308846", 
"LOC368066", "Mawbp", "Mug1", "Neu1", "Nfe2l2", "Nqo1", "Nrbp2", 
"Nudt4", "Pde2a", "Perp_predicted", "Pgk1", "Pmm1", "Ppia", "Psmb4", 
"RGD1305831_predicted", "RGD1311835", "RGD1559716_predicted", 
"Rpl13A", "Scn4b", "Sdc1", "Sdha", "Slco1a1", "Srxn1", "Tiparp", 
"Tpm1", "Ugt1a1", "Zfp422"), c("Mean", "SD", "CV", "Missing")))
