structure(list(x = structure(c(9909.03646087398, 3463.03646087398, 
532.036460873984, 195.036460873984, 20.0364608739843, 30.0364608739843, 
0, 0, 0, 0, 0, 0, 0, 0, 2.03646087398434, 0, 18.0364608739843, 
174.036460873984, 10.0364608739843, 1291.03646087398, 18221.036460874, 
6.03646087398434, 30520.036460874, 0, 3406.03646087398, 0, 27530.036460874, 
215.036460873984, 148.036460873984, 1309.03646087398, 909.036460873984, 
16138.036460874, 338.036460873984, 4433.03646087398, 13481.036460874, 
1672.03646087398, 528.036460873984, 1521.03646087398, 785.036460873984, 
296.036460873984, 323.036460873984, 324.036460873984, 2121.03646087398, 
26100.036460874, 124.036460873984, 596.036460873984, 242.036460873984, 
0, 551.036460873984, 202.036460873984, 794.036460873984, 2758.03646087398, 
45.0364608739843, 13815.036460874, 984.036460873984, 2800.03646087398, 
611.036460873984, 220.036460873984, 468.036460873984, 4.03646087398434, 
1415.03646087398, 1314.03646087398, 943.036460873984, 49.0364608739843, 
144.036460873984, 4.03646087398434, 1523.03646087398, 248.036460873984, 
8800.53463742484, 3410.53463742484, 514.53463742484, 207.53463742484, 
20.5346374248401, 20.5346374248401, 0, 0, 0, 0, 0.534637424840106, 
0, 0, 0, 0, 0, 24.5346374248401, 163.53463742484, 11.5346374248401, 
1341.53463742484, 18828.5346374248, 40.5346374248401, 31894.5346374248, 
1.53463742484011, 3720.53463742484, 1.53463742484011, 29160.5346374248, 
266.53463742484, 159.53463742484, 1293.53463742484, 1282.53463742484, 
14930.5346374248, 360.53463742484, 3907.53463742484, 16897.5346374248, 
1531.53463742484, 523.53463742484, 1488.53463742484, 1155.53463742484, 
307.53463742484, 336.53463742484, 525.53463742484, 2591.53463742484, 
25282.5346374248, 156.53463742484, 858.53463742484, 397.53463742484, 
5.53463742484011, 761.53463742484, 245.53463742484, 889.53463742484, 
2230.53463742484, 61.5346374248401, 14199.5346374248, 863.53463742484, 
2801.53463742484, 587.53463742484, 213.53463742484, 394.53463742484, 
0.534637424840106, 1222.53463742484, 1247.53463742484, 1034.53463742484, 
57.5346374248401, 194.53463742484, 7.53463742484011, 2344.53463742484, 
191.53463742484, 9743.53499164579, 3711.53499164579, 580.534991645786, 
228.534991645786, 14.5349916457862, 19.5349916457862, 0, 0, 0, 
0, 0, 0, 0, 0, 0, 0, 14.5349916457862, 125.534991645786, 1.53499164578622, 
701.534991645786, 18005.5349916458, 14.5349916457862, 16695.5349916458, 
0, 2917.53499164579, 0, 29901.5349916458, 165.534991645786, 127.534991645786, 
893.534991645786, 714.534991645786, 9794.53499164579, 361.534991645786, 
3625.53499164579, 9813.53499164579, 1740.53499164579, 531.534991645786, 
1165.53499164579, 813.534991645786, 217.534991645786, 376.534991645786, 
485.534991645786, 2519.53499164579, 9293.53499164579, 115.534991645786, 
446.534991645786, 47.5349916457862, 0, 753.534991645786, 156.534991645786, 
777.534991645786, 2064.53499164579, 26.5349916457862, 15597.5349916458, 
1212.53499164579, 3702.53499164579, 504.534991645786, 157.534991645786, 
732.534991645786, 0, 719.534991645786, 953.534991645786, 593.534991645786, 
48.5349916457862, 154.534991645786, 5.53499164578622, 983.534991645786, 
162.534991645786, 9014.64459956231, 3180.64459956231, 516.644599562309, 
193.644599562309, 19.6445995623088, 19.6445995623088, 0, 0, 0, 
0, 0.644599562308802, 0, 0, 0, 0, 205.644599562309, 38.6445995623088, 
183.644599562309, 37.6445995623088, 1653.64459956231, 21984.6445995623, 
6976.64459956231, 71527.6445995623, 2.6445995623088, 4199.64459956231, 
0, 35066.6445995623, 369.644599562309, 202.644599562309, 1865.64459956231, 
1365.64459956231, 17406.6445995623, 399.644599562309, 5317.64459956231, 
17559.6445995623, 2085.64459956231, 690.644599562309, 1694.64459956231, 
1270.64459956231, 359.644599562309, 410.644599562309, 702.644599562309, 
3529.64459956231, 26493.6445995623, 178.644599562309, 1423.64459956231, 
410.644599562309, 0, 789.644599562309, 260.644599562309, 882.644599562309, 
2796.64459956231, 95.6445995623088, 15363.6445995623, 1018.64459956231, 
3295.64459956231, 789.644599562309, 258.644599562309, 544.644599562309, 
3.6445995623088, 1162.64459956231, 1673.64459956231, 1041.64459956231, 
91.6445995623088, 1465.64459956231, 3.6445995623088, 2812.64459956231, 
235.644599562309, 10220.0401192775, 3609.04011927748, 573.040119277483, 
200.040119277483, 29.0401192774827, 18.0401192774827, 0, 0, 0, 
0, 0, 0, 0, 0, 0, 42.0401192774827, 32.0401192774827, 243.040119277483, 
17.0401192774827, 1324.04011927748, 21452.0401192775, 5460.04011927748, 
53386.0401192775, 0, 3665.04011927748, 0.0401192774827237, 35477.0401192775, 
403.040119277483, 204.040119277483, 1766.04011927748, 1442.04011927748, 
15939.0401192775, 483.040119277483, 3629.04011927748, 15442.0401192775, 
2236.04011927748, 802.040119277483, 1228.04011927748, 1066.04011927748, 
308.040119277483, 431.040119277483, 619.040119277483, 3767.04011927748, 
19235.0401192775, 166.040119277483, 1293.04011927748, 99.0401192774827, 
0.0401192774827237, 787.040119277483, 312.040119277483, 909.040119277483, 
2645.04011927748, 71.0401192774827, 16951.0401192775, 1328.04011927748, 
3854.04011927748, 641.040119277483, 265.040119277483, 1063.04011927748, 
0, 853.040119277483, 1552.04011927748, 788.040119277483, 81.0401192774827, 
1038.04011927748, 10.0401192774827, 1765.04011927748, 224.040119277483, 
12079.6754446797, 3892.67544467966, 641.675444679663, 259.675444679663, 
27.6754446796632, 21.6754446796632, 0, 0, 0, 0, 0.67544467966324, 
0, 0, 0, 0, 64.6754446796632, 33.6754446796632, 213.675444679663, 
26.6754446796632, 2188.67544467966, 20143.6754446797, 6569.67544467966, 
64681.6754446797, 0, 4525.67544467966, 0, 37190.6754446797, 409.675444679663, 
226.675444679663, 1992.67544467966, 1475.67544467966, 19312.6754446797, 
410.675444679663, 4718.67544467966, 17834.6754446797, 2156.67544467966, 
697.675444679663, 1870.67544467966, 1023.67544467966, 408.675444679663, 
420.675444679663, 556.675444679663, 3908.67544467966, 33736.6754446797, 
248.675444679663, 1363.67544467966, 401.675444679663, 0, 1016.67544467966, 
335.675444679663, 1046.67544467966, 3135.67544467966, 70.6754446796632, 
16217.6754446797, 1369.67544467966, 3231.67544467966, 854.675444679663, 
355.675444679663, 875.675444679663, 4.67544467966324, 1324.67544467966, 
1858.67544467966, 1018.67544467966, 71.6754446796632, 1282.67544467966, 
12.6754446796632, 2308.67544467966, 209.675444679663, 18965.5839210152, 
5050.58392101518, 991.583921015175, 328.583921015175, 32.5839210151754, 
107.583921015175, 0, 0, 0, 0, 0, 0, 0, 0, 27.5839210151754, 5775.58392101518, 
111.583921015175, 1148.58392101518, 44.5839210151754, 2953.58392101518, 
30409.5839210152, 109156.583921015, 315635.583921015, 60.5839210151754, 
6074.58392101518, 3.58392101517538, 46204.5839210152, 997.583921015175, 
591.583921015175, 2872.58392101518, 1684.58392101518, 25742.5839210152, 
635.583921015175, 6104.58392101518, 16079.5839210152, 2671.58392101518, 
898.583921015175, 2666.58392101518, 810.583921015175, 735.583921015175, 
577.583921015175, 423.583921015175, 7161.58392101518, 40144.5839210152, 
557.583921015175, 3334.58392101518, 4170.58392101518, 1.58392101517538, 
547.583921015175, 723.583921015175, 1229.58392101518, 3382.58392101518, 
196.583921015175, 19605.5839210152, 1960.58392101518, 4949.58392101518, 
1606.58392101518, 385.583921015175, 1434.58392101518, 17.5839210151754, 
1147.58392101518, 2332.58392101518, 1213.58392101518, 322.583921015175, 
965.583921015175, 56.5839210151754, 3644.58392101518, 714.583921015175, 
23632.712381444, 5925.712381444, 1066.712381444, 334.712381443997, 
39.7123814439969, 117.712381443997, 0, 0, 0, 0, 2.71238144399695, 
0, 0, 0, 23.712381443997, 11313.712381444, 96.7123814439969, 
1161.712381444, 30.712381443997, 2593.712381444, 26415.712381444, 
106356.712381444, 262326.712381444, 39.7123814439969, 5590.712381444, 
7.71238144399695, 41000.712381444, 983.712381443997, 539.712381443997, 
2450.712381444, 1338.712381444, 23515.712381444, 533.712381443997, 
5293.712381444, 15255.712381444, 2413.712381444, 829.712381443997, 
2603.712381444, 805.712381443997, 568.712381443997, 487.712381443997, 
307.712381443997, 6357.712381444, 44827.712381444, 485.712381443997, 
4378.712381444, 6654.712381444, 0, 394.712381443997, 514.712381443997, 
1192.712381444, 2932.712381444, 194.712381443997, 16995.712381444, 
1996.712381444, 4455.712381444, 1530.712381444, 355.712381443997, 
1275.712381444, 1.71238144399695, 1290.712381444, 2301.712381444, 
964.712381443997, 382.712381443997, 1435.712381444, 27.712381443997, 
3624.712381444, 491.712381443997, 10059.9771894791, 3394.97718947914, 
520.977189479144, 236.977189479144, 17.9771894791442, 53.9771894791442, 
0, 0, 0, 0, 0, 0, 0, 0, 9.97718947914416, 2259.97718947914, 43.9771894791442, 
432.977189479144, 24.9771894791442, 1020.97718947914, 15455.9771894791, 
34861.9771894791, 104756.977189479, 21.9771894791442, 2777.97718947914, 
5.97718947914416, 27895.9771894791, 1104.97718947914, 259.977189479144, 
1196.97718947914, 707.977189479144, 14507.9771894791, 422.977189479144, 
3648.97718947914, 11139.9771894791, 1362.97718947914, 533.977189479144, 
1773.97718947914, 1114.97718947914, 201.977189479144, 397.977189479144, 
153.977189479144, 3609.97718947914, 12746.9771894791, 207.977189479144, 
2866.97718947914, 1888.97718947914, 6.97718947914416, 717.977189479144, 
374.977189479144, 824.977189479144, 2259.97718947914, 175.977189479144, 
14578.9771894791, 1052.97718947914, 3021.97718947914, 693.977189479144, 
189.977189479144, 799.977189479144, 6.97718947914416, 491.977189479144, 
1143.97718947914, 583.977189479144, 253.977189479144, 1117.97718947914, 
17.9771894791442, 1302.97718947914, 314.977189479144, 12164.2396224939, 
3300.23962249386, 635.239622493859, 243.239622493859, 26.2396224938593, 
60.2396224938593, 0, 0, 0, 0, 0, 0, 0, 0, 8.23962249385931, 979.239622493859, 
54.2396224938593, 455.239622493859, 25.2396224938593, 1014.23962249386, 
16828.2396224939, 26582.2396224939, 81378.2396224939, 18.2396224938593, 
2950.23962249386, 0, 29160.2396224939, 905.239622493859, 195.239622493859, 
929.239622493859, 907.239622493859, 13094.2396224939, 398.239622493859, 
2983.23962249386, 10941.2396224939, 1804.23962249386, 662.239622493859, 
1471.23962249386, 836.239622493859, 269.239622493859, 367.239622493859, 
579.239622493859, 3343.23962249386, 9683.23962249386, 178.239622493859, 
3049.23962249386, 1271.23962249386, 4.23962249385931, 719.239622493859, 
353.239622493859, 772.239622493859, 2030.23962249386, 156.239622493859, 
13739.2396224939, 1255.23962249386, 3159.23962249386, 622.239622493859, 
183.239622493859, 1254.23962249386, 0, 522.239622493859, 1129.23962249386, 
491.239622493859, 246.239622493859, 2188.23962249386, 20.2396224938593, 
1404.23962249386, 262.239622493859, 13716.6321105413, 3741.63211054132, 
695.632110541325, 292.632110541325, 13.6321105413246, 64.6321105413246, 
0, 0, 0, 0, 0, 0, 0, 0, 16.6321105413246, 2279.63211054132, 40.6321105413246, 
644.632110541325, 62.6321105413246, 1780.63211054132, 18681.6321105413, 
46325.6321105413, 142089.632110541, 44.6321105413246, 3873.63211054132, 
1.63211054132461, 36687.6321105413, 1468.63211054132, 329.632110541325, 
1432.63211054132, 788.632110541325, 22994.6321105413, 476.632110541325, 
4866.63211054132, 13944.6321105413, 1932.63211054132, 839.632110541325, 
2567.63211054132, 1123.63211054132, 349.632110541325, 485.632110541325, 
149.632110541325, 3873.63211054132, 24699.6321105413, 318.632110541325, 
3851.63211054132, 1780.63211054132, 1.63211054132461, 771.632110541325, 
410.632110541325, 1027.63211054132, 3414.63211054132, 238.632110541325, 
16873.6321105413, 1446.63211054132, 3113.63211054132, 1093.63211054132, 
285.632110541325, 1541.63211054132, 1.63211054132461, 1083.63211054132, 
1968.63211054132, 1003.63211054132, 190.632110541325, 1566.63211054132, 
30.6321105413246, 2206.63211054132, 428.632110541325, 14041.9873967066, 
4059.98739670659, 749.987396706585, 282.987396706585, 27.9873967065853, 
31.9873967065853, 0, 0, 0, 0, 0, 0, 0, 0, 0, 2982.98739670659, 
30.9873967065853, 532.987396706585, 35.9873967065853, 1021.98739670659, 
16540.9873967066, 30906.9873967066, 92979.9873967066, 10.9873967065853, 
2755.98739670659, 0, 27738.9873967066, 926.987396706585, 233.987396706585, 
712.987396706585, 951.987396706585, 15716.9873967066, 390.987396706585, 
3544.98739670659, 11227.9873967066, 1989.98739670659, 729.987396706585, 
2006.98739670659, 785.987396706585, 192.987396706585, 377.987396706585, 
190.987396706585, 3195.98739670659, 15685.9873967066, 217.987396706585, 
3832.98739670659, 1233.98739670659, 0, 702.987396706585, 272.987396706585, 
737.987396706585, 2851.98739670659, 150.987396706585, 14732.9873967066, 
1341.98739670659, 2963.98739670659, 724.987396706585, 134.987396706585, 
1185.98739670659, 2.98739670658534, 620.987396706585, 1267.98739670659, 
772.987396706585, 219.987396706585, 1982.98739670659, 17.9873967065853, 
1772.98739670659, 243.987396706585, 18215.3431457505, 4991.34314575051, 
894.343145750508, 291.343145750508, 47.3431457505076, 44.3431457505076, 
0, 0, 0, 0, 0, 0, 0, 0, 10.3431457505076, 81.3431457505076, 58.3431457505076, 
305.343145750508, 58.3431457505076, 2207.34314575051, 30592.3431457505, 
634.343145750508, 64109.3431457505, 66.3431457505076, 7230.34314575051, 
8.34314575050762, 57844.3431457505, 428.343145750508, 289.343145750508, 
3422.34314575051, 1300.34314575051, 25480.3431457505, 800.343145750508, 
5202.34314575051, 20125.3431457505, 3643.34314575051, 1310.34314575051, 
2382.34314575051, 1210.34314575051, 767.343145750508, 712.343145750508, 
1589.34314575051, 4352.34314575051, 62937.3431457505, 349.343145750508, 
1970.34314575051, 924.343145750508, 6.34314575050762, 797.343145750508, 
334.343145750508, 1262.34314575051, 5046.34314575051, 140.343145750508, 
28037.3431457505, 2478.34314575051, 5951.34314575051, 1294.34314575051, 
302.343145750508, 2424.34314575051, 15.3431457505076, 1520.34314575051, 
2448.34314575051, 1402.34314575051, 189.343145750508, 305.343145750508, 
38.3431457505076, 2390.34314575051, 522.343145750508, 5500.99953012167, 
1546.99953012167, 313.999530121669, 111.999530121669, 12.9995301216692, 
12.9995301216692, 0, 0, 0, 0, 0, 0, 0, 0, 0, 88.9995301216692, 
11.9995301216692, 122.999530121669, 19.9995301216692, 944.999530121669, 
9991.99953012167, 418.999530121669, 24991.9995301217, 24.9995301216692, 
2458.99953012167, 6.99953012166916, 20858.9995301217, 187.999530121669, 
120.999530121669, 1362.99953012167, 458.999530121669, 8193.99953012167, 
234.999530121669, 1982.99953012167, 7416.99953012167, 1293.99953012167, 
455.999530121669, 780.999530121669, 422.999530121669, 315.999530121669, 
224.999530121669, 450.999530121669, 1540.99953012167, 30950.9995301217, 
117.999530121669, 520.999530121669, 466.999530121669, 0, 335.999530121669, 
121.999530121669, 431.999530121669, 1510.99953012167, 48.9995301216692, 
8483.99953012167, 792.999530121669, 1688.99953012167, 535.999530121669, 
131.999530121669, 780.999530121669, 1.99953012166916, 701.999530121669, 
930.999530121669, 577.999530121669, 58.9995301216692, 104.999530121669, 
15.9995301216692, 1178.99953012167, 152.999530121669, 14940.8809553365, 
4342.88095533646, 743.880955336455, 252.880955336455, 48.8809553364551, 
49.8809553364551, 0, 0, 0, 0, 0, 0, 0, 0, 0, 84.8809553364551, 
29.8809553364551, 298.880955336455, 28.8809553364551, 1670.88095533646, 
15312.8809553365, 441.880955336455, 37709.8809553365, 15.8809553364551, 
4725.88095533646, 15.8809553364551, 33836.8809553365, 229.880955336455, 
202.880955336455, 1813.88095533646, 877.880955336455, 14740.8809553365, 
350.880955336455, 2888.88095533645, 11967.8809553365, 1930.88095533646, 
613.880955336455, 1239.88095533646, 680.880955336455, 485.880955336455, 
305.880955336455, 317.880955336455, 2796.88095533645, 37415.8809553365, 
205.880955336455, 1168.88095533646, 1296.88095533646, 0, 664.880955336455, 
192.880955336455, 610.880955336455, 2315.88095533645, 45.8809553364551, 
12077.8809553365, 1431.88095533646, 3036.88095533645, 806.880955336455, 
172.880955336455, 1052.88095533646, 2.88095533645507, 1680.88095533646, 
1500.88095533646, 825.880955336455, 86.8809553364551, 159.880955336455, 
18.8809553364551, 2467.88095533645, 323.880955336455, 11114.2271266033, 
3564.22712660328, 537.227126603279, 213.227126603279, 27.227126603279, 
28.227126603279, 0, 0, 0, 0, 0, 0, 0, 0, 0, 145.227126603279, 
73.227126603279, 390.227126603279, 129.227126603279, 4254.22712660328, 
36618.2271266033, 826.227126603279, 83665.2271266033, 132.227126603279, 
11588.2271266033, 29.227126603279, 80810.2271266033, 964.227126603279, 
471.227126603279, 4511.22712660328, 3248.22712660328, 41407.2271266033, 
675.227126603279, 11214.2271266033, 40373.2271266033, 4557.22712660328, 
1457.22712660328, 3465.22712660328, 2114.22712660328, 1320.22712660328, 
761.227126603279, 1817.22712660328, 7145.22712660328, 204508.227126603, 
430.227126603279, 2560.22712660328, 975.227126603279, 0, 1584.22712660328, 
663.227126603279, 2149.22712660328, 5748.22712660328, 119.227126603279, 
30894.2271266033, 2938.22712660328, 6631.22712660328, 2078.22712660328, 
760.227126603279, 1804.22712660328, 19.227126603279, 2644.22712660328, 
4106.22712660328, 2249.22712660328, 258.227126603279, 625.227126603279, 
41.227126603279, 4044.22712660328, 662.227126603279, 14250.5823315071, 
4134.58233150705, 654.582331507054, 275.582331507054, 36.5823315070536, 
79.5823315070536, 0, 0, 0, 0, 0.58233150705358, 0, 0, 0, 0, 163.582331507054, 
64.5823315070536, 381.582331507054, 64.5823315070536, 2411.58233150705, 
34193.5823315071, 33415.5823315071, 278115.582331507, 489.582331507054, 
8558.58233150705, 17.5823315070536, 46559.5823315071, 709.582331507054, 
306.582331507054, 3511.58233150705, 2054.58233150705, 29125.5823315071, 
337.582331507054, 6462.58233150705, 23030.5823315071, 2596.58233150705, 
898.582331507054, 1747.58233150705, 970.582331507054, 764.582331507054, 
417.582331507054, 894.582331507054, 4423.58233150705, 96642.5823315071, 
285.582331507054, 2191.58233150705, 1704.58233150705, 0, 676.582331507054, 
424.582331507054, 1326.58233150705, 3816.58233150705, 50.5823315070536, 
16221.5823315071, 1591.58233150705, 4149.58233150705, 1348.58233150705, 
457.582331507054, 1128.58233150705, 5.58233150705358, 1553.58233150705, 
2671.58233150705, 1121.58233150705, 152.582331507054, 310.582331507054, 
23.5823315070536, 3009.58233150705, 378.582331507054, 21380.7160815307, 
5668.71608153074, 1044.71608153074, 342.716081530745, 50.7160815307445, 
54.7160815307445, 0, 0, 0, 0, 0.716081530744518, 0, 0, 0, 0, 
557.716081530745, 53.7160815307445, 391.716081530745, 70.7160815307445, 
3580.71608153074, 23483.7160815307, 1127.71608153074, 57508.7160815307, 
128.716081530745, 9635.71608153075, 0, 58302.7160815307, 533.716081530745, 
299.716081530745, 3609.71608153074, 2078.71608153074, 29132.7160815307, 
429.716081530745, 7030.71608153074, 26225.7160815307, 3092.71608153074, 
974.716081530745, 1507.71608153074, 1668.71608153074, 921.716081530745, 
519.716081530745, 682.716081530745, 4312.71608153074, 133048.716081531, 
391.716081530745, 1480.71608153074, 653.716081530745, 0, 831.716081530745, 
412.716081530745, 1364.71608153074, 3434.71608153074, 66.7160815307445, 
19871.7160815307, 2032.71608153074, 4623.71608153074, 1571.71608153074, 
465.716081530745, 1580.71608153074, 15.7160815307445, 2021.71608153074, 
2982.71608153074, 1597.71608153074, 145.716081530745, 356.716081530745, 
55.7160815307445, 2978.71608153074, 419.716081530745, 9111.27525510785, 
2770.27525510785, 427.275255107852, 164.275255107852, 15.2752551078515, 
89.2752551078515, 0, 0, 0, 0, 0, 0, 0, 0, 28.2752551078515, 8231.27525510785, 
120.275255107852, 1147.27525510785, 17.2752551078515, 2192.27525510785, 
34666.2752551079, 141026.275255108, 548694.275255108, 115.275255107852, 
7224.27525510785, 12.2752551078515, 46600.2752551079, 1035.27525510785, 
667.275255107852, 3573.27525510785, 803.275255107852, 24337.2752551079, 
346.275255107852, 5478.27525510785, 16222.2752551079, 2620.27525510785, 
919.275255107852, 4665.27525510785, 1059.27525510785, 493.275255107852, 
436.275255107852, 46.2752551078515, 5305.27525510785, 29069.2752551079, 
690.275255107852, 2859.27525510785, 4176.27525510785, 3.27525510785153, 
398.275255107852, 523.275255107852, 1531.27525510785, 2308.27525510785, 
367.275255107852, 16439.2752551079, 1871.27525510785, 4231.27525510785, 
1626.27525510785, 227.275255107852, 1291.27525510785, 2.27525510785153, 
1664.27525510785, 2042.27525510785, 856.275255107852, 243.275255107852, 
751.275255107852, 64.2752551078515, 2255.27525510785, 523.275255107852, 
10217.0401192775, 2826.04011927748, 557.040119277483, 197.040119277483, 
21.0401192774827, 56.0401192774827, 0, 0, 0, 0, 0, 0, 0, 0, 20.0401192774827, 
5037.04011927748, 96.0401192774827, 1221.04011927748, 22.0401192774827, 
1805.04011927748, 28581.0401192775, 106327.040119277, 380847.040119277, 
138.040119277483, 6866.04011927748, 0, 39078.0401192775, 951.040119277483, 
561.040119277483, 3323.04011927748, 660.040119277483, 26874.0401192775, 
304.040119277483, 4452.04011927748, 13208.0401192775, 2557.04011927748, 
849.040119277483, 3074.04011927748, 929.040119277483, 522.040119277483, 
394.040119277483, 69.0401192774827, 4832.04011927748, 17720.0401192775, 
490.040119277483, 2494.04011927748, 4735.04011927748, 0, 410.040119277483, 
475.040119277483, 1504.04011927748, 2447.04011927748, 323.040119277483, 
15471.0401192775, 1922.04011927748, 3638.04011927748, 1277.04011927748, 
205.040119277483, 1602.04011927748, 7.04011927748272, 1271.04011927748, 
1997.04011927748, 564.040119277483, 221.040119277483, 1312.04011927748, 
51.0401192774827, 1139.04011927748, 430.040119277483, 11037.6789321881, 
3237.67893218813, 604.678932188134, 195.678932188135, 10.6789321881345, 
52.6789321881345, 0, 0, 0, 0, 0, 0, 0, 0, 7.67893218813452, 9255.67893218814, 
93.6789321881345, 853.678932188134, 26.6789321881345, 1960.67893218813, 
24748.6789321881, 91843.6789321881, 383073.678932188, 91.6789321881345, 
5513.67893218813, 3.67893218813452, 31853.6789321881, 877.678932188134, 
519.678932188134, 2849.67893218813, 1043.67893218813, 18827.6789321881, 
211.678932188135, 4481.67893218813, 11559.6789321881, 2115.67893218813, 
666.678932188134, 2599.67893218813, 634.678932188134, 422.678932188135, 
330.678932188135, 98.6789321881345, 5793.67893218813, 27909.6789321881, 
480.678932188135, 2616.67893218813, 4069.67893218813, 0, 318.678932188135, 
449.678932188135, 1018.67893218813, 1875.67893218813, 216.678932188135, 
12604.6789321881, 1249.67893218813, 3284.67893218813, 1253.67893218813, 
159.678932188135, 918.678932188134, 0, 1171.67893218813, 1472.67893218813, 
684.678932188134, 151.678932188135, 2046.67893218813, 24.6789321881345, 
2150.67893218813, 368.678932188135, 12228.1844293597, 3379.18442935969, 
637.184429359691, 169.184429359691, 21.1844293596906, 71.1844293596906, 
0, 0, 0, 0, 0, 0, 0, 0, 14.1844293596906, 9113.18442935969, 97.1844293596906, 
933.184429359691, 23.1844293596906, 2402.18442935969, 32792.1844293597, 
113045.18442936, 446898.18442936, 90.1844293596906, 8027.18442935969, 
3.18442935969057, 44426.1844293597, 867.184429359691, 505.184429359691, 
3199.18442935969, 1434.18442935969, 24976.1844293597, 270.184429359691, 
6343.18442935969, 12846.1844293597, 3201.18442935969, 1075.18442935969, 
3174.18442935969, 863.184429359691, 521.184429359691, 432.184429359691, 
415.184429359691, 7816.18442935969, 31846.1844293597, 568.184429359691, 
3614.18442935969, 4305.18442935969, 4.18442935969057, 443.184429359691, 
551.184429359691, 1665.18442935969, 2902.18442935969, 279.184429359691, 
17199.1844293597, 1979.18442935969, 4239.18442935969, 1510.18442935969, 
189.184429359691, 1599.18442935969, 4.18442935969057, 1540.18442935969, 
2158.18442935969, 814.184429359691, 181.184429359691, 1931.18442935969, 
24.1844293596906, 3109.18442935969, 444.184429359691, 15867.0311159147, 
4277.0311159147, 845.031115914696, 248.031115914696, 42.0311159146964, 
74.0311159146964, 0, 0, 0, 0, 0, 0, 0, 0, 7.03111591469643, 4221.0311159147, 
53.0311159146964, 1079.0311159147, 29.0311159146964, 2047.0311159147, 
22319.0311159147, 91519.0311159147, 246201.031115915, 59.0311159146964, 
5647.0311159147, 6.03111591469643, 33134.0311159147, 682.031115914696, 
444.031115914696, 1418.0311159147, 1354.0311159147, 19758.0311159147, 
429.031115914696, 3964.0311159147, 10349.0311159147, 1626.0311159147, 
719.031115914696, 2369.0311159147, 499.031115914696, 455.031115914696, 
341.031115914696, 205.031115914696, 5711.0311159147, 24108.0311159147, 
380.031115914696, 2804.0311159147, 5556.0311159147, 0, 406.031115914696, 
481.031115914696, 1065.0311159147, 2663.0311159147, 193.031115914696, 
13759.0311159147, 1749.0311159147, 3882.0311159147, 1242.0311159147, 
193.031115914696, 1130.0311159147, 3.03111591469643, 1144.0311159147, 
1651.0311159147, 782.031115914696, 155.031115914696, 1407.0311159147, 
21.0311159146964, 2696.0311159147, 514.031115914696, 12793.8402510534, 
3592.8402510534, 625.840251053402, 206.840251053402, 28.8402510534017, 
55.8402510534017, 0, 0, 0, 0, 0, 0, 0, 0, 13.8402510534017, 3404.8402510534, 
81.8402510534017, 1007.8402510534, 18.8402510534017, 2085.8402510534, 
21749.8402510534, 89510.8402510534, 263533.840251053, 42.8402510534017, 
5116.8402510534, 0, 34620.8402510534, 747.840251053402, 394.840251053402, 
1154.8402510534, 1094.8402510534, 18563.8402510534, 385.840251053402, 
4252.8402510534, 14441.8402510534, 1640.8402510534, 703.840251053402, 
2564.8402510534, 753.840251053402, 421.840251053402, 360.840251053402, 
244.840251053402, 4601.8402510534, 37897.8402510534, 329.840251053402, 
2068.8402510534, 4665.8402510534, 0, 592.840251053402, 567.840251053402, 
1072.8402510534, 2514.8402510534, 218.840251053402, 13182.8402510534, 
1416.8402510534, 3451.8402510534, 1159.8402510534, 273.840251053402, 
1211.8402510534, 4.84025105340174, 1132.8402510534, 1756.8402510534, 
840.840251053402, 170.840251053402, 1163.8402510534, 14.8402510534017, 
2382.8402510534, 409.840251053402, 8824.57179676972, 2382.57179676972, 
472.571796769724, 169.571796769725, 9.57179676972449, 31.5717967697245, 
0, 0, 0, 0, 0.571796769724491, 0, 0, 0, 0, 0, 41.5717967697245, 
359.571796769724, 25.5717967697245, 3117.57179676972, 24261.5717967697, 
35.5717967697245, 50038.5717967697, 0, 4599.57179676972, 1.57179676972449, 
40360.5717967697, 415.571796769724, 221.571796769725, 3183.57179676972, 
1499.57179676972, 27448.5717967697, 576.571796769725, 4750.57179676972, 
19821.5717967697, 2949.57179676972, 1205.57179676972, 2442.57179676972, 
1179.57179676972, 705.571796769725, 490.571796769724, 830.571796769725, 
3527.57179676972, 48016.5717967697, 297.571796769724, 1627.57179676972, 
482.571796769724, 0, 716.571796769725, 373.571796769724, 1132.57179676972, 
4486.57179676972, 65.5717967697245, 17608.5717967697, 1324.57179676972, 
3885.57179676972, 1146.57179676972, 460.571796769724, 1173.57179676972, 
1.57179676972449, 1423.57179676972, 2334.57179676972, 1537.57179676972, 
179.571796769725, 280.571796769724, 30.5717967697245, 3661.57179676972, 
403.571796769724), .Dim = c(68L, 25L), .Dimnames = list(c("POS_A(128)", 
"POS_B(32)", "POS_C(8)", "POS_D(2)", "POS_E(0.5)", "POS_F(0.125)", 
"NEG_A(0)", "NEG_B(0)", "NEG_C(0)", "NEG_D(0)", "NEG_E(0)", "NEG_F(0)", 
"NEG_G(0)", "NEG_H(0)", "Ahrr", "Aldh3a1", "Bbs2", "Ccbl1", "Cmkor1", 
"Col18a1", "Cyb5", "Cyp1a1", "Cyp1a2", "Cyp1b1", "Cyp2a1", "Cyp2s1", 
"Eef1a1", "Eml4_predicted", "Exoc3", "Fdft1", "Fmo1", "Gapdh", 
"Gfer", "Ghr", "Glud1", "Hagh", "Hprt1", "Hsd17b12", "Ivns1abp_predicted", 
"Lasp1", "LOC308846", "LOC368066", "Mawbp", "Mug1", "Neu1", "Nfe2l2", 
"Nqo1", "Nrbp2", "Nudt4", "Pde2a", "Perp_predicted", "Pgk1", 
"Pmm1", "Ppia", "Psmb4", "RGD1305831_predicted", "RGD1311835", 
"RGD1559716_predicted", "Rpl13A", "Scn4b", "Sdc1", "Sdha", "Slco1a1", 
"Srxn1", "Tiparp", "Tpm1", "Ugt1a1", "Zfp422"), c("HW1D.a", "HW2B.b", 
"HW3B.a", "HW4C.b", "HW5D.b", "HW6A.b", "WW41B.a", "WW42.a", 
"WW45A.b", "WW46D.a", "WW47A.b", "WW48B.a", "LE100C.a", "LE101A.a", 
"LE102.a", "LE4D51.a", "LE4D53.a", "LE4D56.b", "WW37.b", "WW38.b", 
"WW39.a", "WW40.b", "WW43.b", "WW44.a", "HW4D12.B"))), background.level = structure(c(7.96353912601566, 
7.46536257515989, 10.4650083542138, 10.3554004376912, 9.95988072251728, 
10.3245553203368, 13.4160789848246, 27.287618556003, 4.02281052085584, 
11.7603775061407, 12.3678894586754, 13.0126032934147, 9.65685424949238, 
4.00046987833084, 10.1190446635449, 18.772873396721, 13.4176684929464, 
23.2839184692555, 9.72474489214847, 8.95988072251728, 12.3210678118655, 
13.8155706403094, 13.9688840853036, 11.1597489465983, 10.4282032302755
), .Names = c("HW1D.a", "HW2B.b", "HW3B.a", "HW4C.b", "HW5D.b", 
"HW6A.b", "WW41B.a", "WW42.a", "WW45A.b", "WW46D.a", "WW47A.b", 
"WW48B.a", "LE100C.a", "LE101A.a", "LE102.a", "LE4D51.a", "LE4D53.a", 
"LE4D56.b", "WW37.b", "WW38.b", "WW39.a", "WW40.b", "WW43.b", 
"WW44.a", "HW4D12.B"))), .Names = c("x", "background.level"))
