structure(list(mean.concentration = c(104.434, 35.046, 103.087, 
89.914, 103.667, 52.573, -506.289, -990.076, -4231.572, 102.925, 
-35.638, 104.466, -914.406, 86.898, 95.945, 46.191, 71.55, -438.812, 
93.489, -21.925, -312.131, 44.33, 83.467, 47.846, 78.787, 91.634, 
93.326, 91.268, -8.875, -1017.951, 96.208, 46.586, 49.378, 104.612, 
87.063, 94.36, 76.016, 27.388, 100.775, -326.101, 64.068, 5.912, 
76.129, 97.223, 73.866, 104.447, 71.709, 55.478, 79.075, 100.155, 
79.088, 103.902, 42.51, 94.835), HW1D.a = c(104.261, 104.454, 
103.746, 98.726, 104.003, 62.78, -482.04, 104.132, -877.831, 
104.422, -5.283, 104.357, -781.611, 97.406, 99.562, 62.2, 75.073, 
-415.008, 93.448, -38.332, -329.503, 50.519, 87.334, 55.378, 
79.063, 94.8, 93.931, 93.898, 36.07, -735.592, 100.335, 85.145, 
96.537, 104.422, 86.593, 97.825, 78.774, 15.571, 102.877, -340.252, 
72.659, 14.219, 84.663, 97.245, 89.264, 104.196, 58.789, 62.04, 
73.979, 102.748, 99.691, 104.196, 55.314, 96.344), HW2B.b = c(104.455, 
104.28, 103.369, 98.497, 103.824, 57.208, -555.713, 102.808, 
-1013.677, 104.175, -26.176, 104.175, -917.85, 94.887, 98.637, 
58.89, 59.276, -419.088, 91.592, -32.731, -488.031, 50.548, 85.879, 
52.055, 63.727, 93.45, 92.433, 85.809, 13.395, -781.926, 98.742, 
74.137, 90.295, 104.035, 77.537, 95.623, 73.05, 26.048, 102.072, 
-393.466, 73.962, 6.035, 83.636, 96.744, 90.4, 104.21, 61.379, 
60.502, 67.968, 102.212, 97.41, 103.965, 22.053, 97.515), HW3B.a = c(104.406, 
104.247, 103.644, 100.119, 104.056, 81.83, -467.618, 103.644, 
-426.022, 104.342, 11.466, 104.374, -845.348, 98.849, 100.056, 
75.733, 81.417, -206.897, 92.626, -11.015, -207.501, 48.839, 
87.228, 67.096, 78.273, 97.198, 92.149, 88.688, 24.103, -190.989, 
100.437, 89.927, 102.596, 104.183, 80.178, 99.135, 79.416, 38.551, 
103.263, -391.158, 65.604, -13.46, 88.085, 99.103, 80.845, 104.152, 
81.258, 73.828, 85.259, 102.564, 99.198, 103.929, 72.875, 98.944
), HW4C.b = c(104.279, 96.944, 102.805, 97.716, 102.84, 46.121, 
-667.466, -140.708, -2406.351, 104.069, -43.239, 104.174, -1126.625, 
91.188, 97.049, 38.68, 56.23, -506.785, 90.135, -82.48, -512.155, 
30.959, 79.921, 44.682, 59.564, 91.539, 89.749, 79.5, -19.723, 
-825.725, 97.892, 54.194, 89.749, 104.35, 76.446, 95.013, 73.182, 
6.004, 100.805, -435.079, 68.409, -11.51, 76.446, 95.084, 85.046, 
104.034, 63.355, 45.419, 67.602, 100.945, 52.72, 104.034, 5.442, 
95.891), HW5D.b = c(104.194, 102.769, 103.079, 96.542, 103.543, 
63.055, -560.467, -65.069, -1549.713, 104.318, -9.464, 104.07, 
-994.931, 91.586, 97.75, 49.363, 59.4, -389.686, 89.108, -8.349, 
-374.29, 34.803, 79.226, 66.029, 71.048, 94.529, 90.718, 84.895, 
-12.624, -491.789, 98.928, 64.016, 101.003, 104.07, 79.69, 94.405, 
75.911, 22.134, 101.87, -421.035, 62.931, -15.319, 84.213, 95.861, 
71.14, 104.132, 77.646, 55.992, 79.659, 101.561, 71.915, 103.76, 
49.394, 97.131), HW6A.b = c(104.214, 102.337, 103.169, 98.342, 
103.356, 45.381, -436.096, -72.099, -1630.417, 104.107, -17.288, 
104.08, -893.225, 93.086, 97.993, 50.636, 64.5, -413.813, 93.059, 
-22.463, -374.179, 46.239, 85.363, 53.908, 76.621, 93.113, 92.791, 
89.144, -0.743, -800.603, 97.403, 67.504, 93.3, 104.188, 76.809, 
95.07, 76.004, 19.986, 102.176, -330.818, 67.343, 17.412, 81.153, 
94.534, 80.59, 103.946, 68.549, 54.23, 76.755, 102.15, 69.676, 
103.732, 42.163, 98.449), WW41B.a = c(104.498, 0.86, 102.983, 
84.286, 104.191, 51.741, -443.294, -1863.115, -5585.964, 103.903, 
-4.531, 104.93, -728.081, 87.008, 94.329, 53.202, 74.622, -359.148, 
93.535, -5.072, -184.922, 56.826, 88.793, 56.916, 90.38, 91.732, 
94.581, 97.358, -24.129, -618.818, 94.942, 44.872, 29.799, 104.966, 
95.122, 91.949, 82.825, 44.007, 101.451, -248.497, 69.645, 15.753, 
76.028, 98.043, 79.129, 104.678, 84.304, 62.938, 83.114, 99.179, 
87.585, 103.975, 39.283, 92.111), WW42.a = c(104.41, -61.737, 
103.336, 87.663, 104.307, 66.59, -283.982, -1460.419, -3755.723, 
104.175, 22.485, 104.646, -498.62, 90.283, 96.817, 68.694, 85.059, 
-241.305, 96.905, 26.855, -119.748, 69.238, 92.549, 66.442, 92.902, 
96.39, 97.582, 100.231, 11.197, -554.939, 97.612, 40.321, 6.827, 
104.926, 98.951, 97.185, 87.207, 61.601, 101.894, -145.355, 75.375, 
39.188, 82.233, 99.525, 85.986, 104.734, 85.765, 70.887, 90.562, 
99.127, 83.631, 104.352, 51.417, 97.523), WW45A.b = c(104.624, 
32.32, 103.531, 91.031, 104.142, 72.135, -391.73, -1015.339, 
-3261.401, 104.238, 15.675, 104.752, -791.487, 69.436, 96.59, 
66.48, 82.194, -361.267, 91.352, -12.315, -253.037, 61.145, 87.785, 
47.938, 69.115, 98.454, 92.155, 99.996, -11.062, -304.677, 98.261, 
12.815, 44.242, 104.72, 81.872, 92.895, 78.434, 32.32, 99.289, 
-363.548, 71.107, 7.834, 82.644, 98.84, 79.237, 104.72, 89.135, 
68.183, 86.178, 96.783, 69.018, 104.367, 63.073, 94.823), WW46D.a = c(104.639, 
77.536, 103.355, 92.162, 104.164, 76.559, -364.85, -637.108, 
-2166.601, 104.359, 22.52, 105.001, -709.066, 79.601, 99.419, 
78.931, 79.545, -260.624, 93.753, 21.599, -200.529, 54.508, 86.384, 
63.803, 81.527, 97.353, 94.618, 88.701, 11.55, -165.415, 99.893, 
19.757, 69.385, 104.75, 84.793, 95.009, 83.313, 48.2, 100.508, 
-278.628, 69.832, 16.686, 87.5, 99.754, 69.86, 105.001, 90.292, 
73.349, 91.157, 97.995, 43.789, 104.304, 65.673, 97.549), WW47A.b = c(104.335, 
48.404, 103.742, 88.814, 103.199, 60.737, -356.984, -1040.227, 
-3407.107, 103.643, 9.007, 104.706, -802.016, 68.448, 96.599, 
69.338, 85.255, -463.583, 92.966, -15.536, -239.906, 56.98, 83.994, 
41.286, 76.975, 96.105, 92.744, 101.048, 9.007, -505.724, 96.871, 
9.551, 60.737, 104.706, 85.675, 94.597, 79.348, 20.351, 98.849, 
-312.298, 68.992, 27.791, 77.717, 97.687, 66.644, 104.706, 77.964, 
56.09, 79.941, 100.035, 66.026, 103.989, 50.208, 94.153), WW48B.a = c(104.283, 
33.554, 103.431, 91.548, 103.313, 79.973, -287.377, -627.434, 
-2096.761, 103.904, 38.928, 104.354, -552.444, 82.222, 98.626, 
87.287, 81.63, -267.872, 94.91, 20.251, -161.613, 57.06, 86.885, 
56.657, 85.559, 99.596, 95.217, 99.644, 28.512, -267.138, 99.005, 
13.434, 74.955, 104.212, 87.524, 97.703, 86.696, 36.655, 100.591, 
-244.579, 72.398, 34.004, 87.003, 100.969, 76.091, 104.094, 89.465, 
74.15, 85.867, 98.957, 57.225, 103.739, 62.196, 98.389), LE100C.a = c(103.982, 
102.665, 103.092, 98.507, 103.092, 63.206, -463.616, 92.401, 
-1085.688, 102.943, -30.02, 104.02, -969.411, 96.224, 98.804, 
40.656, 80.04, -368.738, 89.32, 7.619, -269.35, 36.554, 79.855, 
59.958, 81.711, 89.933, 90.953, 74.676, 23.395, -1063.936, 97.691, 
67.605, 87.019, 104.057, 89.376, 97.969, 80.745, 10.515, 101.57, 
-416.196, 58.177, -6.282, 80.152, 98.563, 59.179, 103.89, 75.957, 
58.733, 78.147, 100.66, 98.507, 103.463, 59.81, 94.48), LE101A.a = c(104.407, 
98.829, 103.497, 96.767, 103.012, 46.93, -501.589, 78.821, -1411.037, 
102.709, -44.864, 103.8, -1160.454, 92.826, 96.889, 21.586, 76.396, 
-392.576, 89.977, -16.004, -345.467, 25.77, 76.578, 56.873, 78.578, 
85.066, 90.583, 76.881, 10.794, -1772.33, 97.071, 72.637, 75.911, 
104.285, 83.853, 96.828, 78.033, 12.613, 101.254, -410.159, 56.145, 
1.821, 71.727, 96.222, 56.873, 104.104, 61.663, 47.778, 69.181, 
100.648, 97.859, 103.255, 32.742, 94.948), LE102.a = c(104.505, 
102.558, 103.789, 97.769, 103.812, 67.061, -238.27, 94.568, -739.554, 
104.103, -1.315, 104.103, -652.869, 99.313, 99.917, 63.86, 84.81, 
-225.468, 96.605, 39.8, -163.404, 61.242, 90.718, 76.707, 89.219, 
93.583, 97.612, 97.343, 41.859, -732.973, 99.85, 78.296, 75.432, 
104.528, 89.577, 100.141, 90.785, 52.625, 103.431, -165.866, 
72.41, 36.487, 86.399, 100.589, 80.893, 104.394, 66.837, 70.866, 
85.973, 102.514, 100.88, 104.035, 49.223, 97.209), LE4D51.a = c(104.332, 
99.956, 102.071, 92.762, 100.426, -20.705, -971.081, 79.959, 
-2352.625, 100.338, -236.07, 103.363, -2268.788, 75.906, 90.383, 
-28.252, 8.836, -1111.711, 84.393, -225.087, -1081.347, -29.603, 
61.429, 2.464, 42.136, 65.452, 81.867, 50.858, -105.6, -5901.204, 
91.587, 29.039, 75.583, 104.273, 57.7, 84.745, 41.109, -64.577, 
100.72, -802.994, 17.939, -90.506, 43.194, 81.897, 51.24, 103.656, 
26.573, -16.359, 38.172, 96.638, 85.861, 103.01, -14.538, 84.775
), LE4D53.a = c(105.029, 101.151, 103.492, 95.996, 103.492, 47.993, 
-703.547, -685.149, -6471.5, 93.442, -97.363, 104.604, -995.962, 
88.24, 97.77, 21.982, 56.435, -583.705, 97.037, -47.8, -439.578, 
43.619, 83.771, 63.695, 82.068, 86.939, 95.145, 83.865, 0.416, 
-2180.26, 98.266, 53.196, 64.712, 105.1, 89.02, 94.979, 73.65, 
14.77, 103.823, -278.568, 67.384, 6.895, 73.13, 94.199, 78.332, 
104.887, 68.282, 41.845, 78.498, 101.411, 97.675, 104.462, 33.853, 
96.067), LE4D56.b = c(104.359, 95.313, 103.34, 97.957, 103.069, 
47.171, -269.791, 86.236, -811.65, 102.145, -49.257, 104.2, -824.295, 
95.695, 99.422, 46.709, 71.091, -359.753, 97.352, -7.771, -313.458, 
54.943, 88.672, 80.184, 77.62, 89.516, 95.918, 93.323, 35.514, 
-2014.649, 97.957, 80.614, 93.784, 104.391, 90.95, 97.622, 82.462, 
49.496, 103.133, -212.269, 71.823, 30.561, 79.165, 96.778, 79.022, 
103.945, 71.999, 56.694, 78.751, 101.874, 98.514, 103.308, 56.758, 
97.511), WW37.b = c(104.981, -198.64, 101.576, 63.563, 105.389, 
24.884, -1177.091, -5113.845, -20203.055, 101.761, -161.368, 
105.574, -1618.81, 67.709, 81.33, -26.231, 76.296, -794.779, 
93.211, -96.742, -494.415, 9.042, 72.002, -66.65, 66.82, 87.77, 
89.88, 104.315, -90.339, -969.927, 80.478, 0.196, -48.551, 105.907, 
91.286, 86.66, 49.35, 20.591, 92.434, -502.447, 36.766, -50.586, 
45.834, 97.616, 58.233, 105.944, 44.427, 30.436, 74.334, 97.023, 
78.221, 103.649, 22.552, 86.66), WW38.b = c(104.328, -61.766, 
101.812, 64.567, 104.262, 45.233, -841.218, -3415.094, -12503.41, 
100.421, -122.317, 105.023, -1188.734, 73.506, 86.418, -5.022, 
83.14, -784.706, 94.926, -42.399, -332.277, 20.338, 76.883, 3.222, 
74.234, 87.709, 91.946, 102.706, -54.979, -481.652, 88.768, 22.423, 
-51.768, 105.123, 91.417, 89.265, 55.198, 23.979, 94.297, -407.196, 
41.36, -15.45, 62.713, 98.203, 51.954, 104.758, 62.912, 38.877, 
86.318, 97.674, 61.555, 103.302, 67.282, 90.754), WW39.a = c(104.471, 
-175.058, 101.871, 78.9, 103.896, 45.44, -643.347, -2671.352, 
-11474.03, 101.932, -61.953, 104.592, -858.102, 78.174, 88.995, 
18.569, 73.157, -464.38, 98.305, -30.76, -244.699, 40.755, 84.552, 
26.125, 85.519, 91.927, 94.708, 101.72, -70.416, -738.891, 90.174, 
25.611, -18.307, 104.803, 95.07, 91.111, 73.912, 48.009, 98.153, 
-276.285, 66.93, 5.421, 66.809, 99.876, 76.935, 104.712, 69.288, 
60.19, 84.008, 100.118, 42.84, 103.957, 39.697, 93.559), WW40.b = c(104.58, 
-148.566, 102.271, 79.012, 104.329, 38.143, -807.347, -3040.092, 
-12328.323, 102.465, -118.352, 104.886, -1131.021, 80.848, 90.92, 
15.969, 65.074, -589.896, 97.458, -71.501, -252.423, 15.913, 
75.061, 16.664, 80.96, 90.474, 92.951, 93.423, -112.482, -781.028, 
89.167, 4.423, -14.801, 104.858, 92.644, 89.64, 58.647, 24.232, 
97.207, -373.53, 49.911, -12.965, 62.959, 99.711, 60.483, 104.858, 
62.124, 44.931, 82.323, 99.934, 51.246, 104.302, 18.473, 92.617
), WW43.b = c(104.614, 14.236, 103.628, 81.623, 104.143, 60.862, 
-373.915, -1858.061, -5175.555, 103.499, -16.348, 104.636, -605.867, 
90.137, 95.242, 74.352, 75.725, -318.989, 95.564, 19.748, -117.192, 
69.891, 89.344, 53.956, 94.062, 95.006, 97.451, 100.368, -17.72, 
-412.284, 96.615, 44.627, -14.396, 104.915, 96.057, 94.448, 81.923, 
47.651, 100.625, -190.327, 67.253, 21.506, 78.127, 100.625, 80.529, 
104.7, 80.229, 69.355, 87.993, 101.44, 74.588, 104.314, 46.943, 
93.741), WW44.a = c(104.285, 14.674, 102.488, 78.018, 104.153, 
49.53, -470.116, -2260.785, -6859.561, 103.519, -30.568, 104.655, 
-810.248, 84.888, 94.217, 74.133, 75.718, -385.922, 94.455, -7.736, 
-276.993, 61.29, 86.051, 36.872, 84.73, 93.503, 95.115, 98.181, 
-16.958, -896.847, 95.935, 49.979, -18.65, 104.761, 88.984, 89.645, 
76.3, 38.193, 98.868, -243.722, 67.209, 13.432, 74.001, 97.414, 
72.627, 104.523, 74.714, 58.224, 82.431, 100.136, 73.895, 104.259, 
41.681, 93.82), HW4D12.B = c(104.643, 104.643, 102.841, 90.646, 
103.454, -15.121, -825.971, 103.071, -1814.492, 104.643, -71.954, 
104.375, -1443.351, 88.498, 95.938, -17.652, 46.928, -948.189, 
82.324, -77.744, -655.702, -8.678, 58.203, 10.765, 59.2, 77.377, 
85.622, 72.584, -30.844, -1736.951, 93.024, 42.019, 85.929, 104.567, 
76.955, 90.109, 61.002, -67.62, 101.921, -570.835, 53.639, -44.573, 
60.465, 86.773, 59.43, 104.375, 49.843, 14.907, 45.471, 97.549, 
93.675, 103.263, -35.982, 88.959)), .Names = c("mean.concentration", 
"HW1D.a", "HW2B.b", "HW3B.a", "HW4C.b", "HW5D.b", "HW6A.b", "WW41B.a", 
"WW42.a", "WW45A.b", "WW46D.a", "WW47A.b", "WW48B.a", "LE100C.a", 
"LE101A.a", "LE102.a", "LE4D51.a", "LE4D53.a", "LE4D56.b", "WW37.b", 
"WW38.b", "WW39.a", "WW40.b", "WW43.b", "WW44.a", "HW4D12.B"), row.names = c("Ahrr", 
"Aldh3a1", "Bbs2", "Ccbl1", "Cmkor1", "Col18a1", "Cyb5", "Cyp1a1", 
"Cyp1a2", "Cyp1b1", "Cyp2a1", "Cyp2s1", "Eef1a1", "Eml4_predicted", 
"Exoc3", "Fdft1", "Fmo1", "Gapdh", "Gfer", "Ghr", "Glud1", "Hagh", 
"Hprt1", "Hsd17b12", "Ivns1abp_predicted", "Lasp1", "LOC308846", 
"LOC368066", "Mawbp", "Mug1", "Neu1", "Nfe2l2", "Nqo1", "Nrbp2", 
"Nudt4", "Pde2a", "Perp_predicted", "Pgk1", "Pmm1", "Ppia", "Psmb4", 
"RGD1305831_predicted", "RGD1311835", "RGD1559716_predicted", 
"Rpl13A", "Scn4b", "Sdc1", "Sdha", "Slco1a1", "Srxn1", "Tiparp", 
"Tpm1", "Ugt1a1", "Zfp422"), class = "data.frame")
