structure(list(x = structure(c(12639.3187942848, 4423.82530351542, 
688.235570123402, 258.725593953797, 35.6862888212134, 48.4313919716468, 
2.54902063008667, 1.27451031504334, 6.37255157521668, 6.37255157521668, 
8.92157220530336, 1.27451031504334, 0, 0, 12.7451031504334, 5.09804126017335, 
33.1372681911268, 231.960877337887, 22.9411856707801, 1655.58889924129, 
23233.048532925, 17.8431444106067, 38908.250897643, 6.37255157521668, 
4351.17821555795, 8.92157220530336, 35097.4650556634, 284.215800254664, 
198.823609146761, 1678.53008491207, 1168.72595889474, 20578.2435466897, 
440.980569004994, 5660.10030910746, 17191.8696396196, 2141.17732927281, 
683.137528863228, 1948.72627170126, 1010.68667982937, 387.451135773174, 
421.862914279344, 423.137424594388, 2713.43246072726, 33274.9153051514, 
168.23536158572, 769.804230286175, 318.627578760834, 6.37255157521668, 
712.451266109225, 267.647166159101, 1022.15727266476, 3525.29553140987, 
67.5490466972968, 17617.556084844, 1264.31423252299, 3578.82496464169, 
788.921885011825, 290.588351829881, 606.666909960628, 15.29412378052, 
1813.62817830667, 1684.90263648729, 1212.05930960621, 72.6470879574702, 
193.725567886587, 15.29412378052, 1951.27529233135, 326.274640651094, 
12031.4874148707, 4668.8946394219, 713.037741889478, 293.684127406586, 
38.2472351971367, 38.2472351971367, 1.36597268561203, 2.73194537122405, 
5.4638907424481, 2.73194537122405, 10.9277814848962, 2.73194537122405, 
1.36597268561203, 4.09791805683608, 1.36597268561203, 8.19583611367215, 
43.7111259395848, 233.581329239656, 25.9534810266285, 1842.69715289062, 
25729.4615061881, 65.5666889093772, 43577.2606163948, 12.2937541705082, 
5092.34617196163, 12.2937541705082, 39842.6912939316, 374.276515857695, 
228.117438497208, 1777.13046398125, 1762.10476443951, 20404.8999776724, 
502.677948305225, 5347.78306417108, 23091.7682502713, 2102.23196315691, 
725.331496059986, 2043.49513767559, 1588.62623336679, 430.281395967788, 
469.894603850537, 728.06344143121, 3550.16300990566, 34545.4492191281, 
224.019520440372, 1182.93234574001, 553.21893767287, 17.7576449129563, 
1050.43299523565, 345.591089459843, 1225.27749899399, 3057.04687039971, 
94.2521153072298, 19406.37394449, 1189.76220916807, 3837.01727388418, 
812.753747939155, 301.879963520258, 549.121019616034, 10.9277814848962, 
1680.14640330279, 1714.29572044309, 1423.34353840773, 88.7882245647817, 
275.926482493629, 20.4895902841804, 3212.76775655948, 271.828564436793, 
12520.91893732, 4777.82041057053, 758.649076476943, 306.797173059204, 
32.0917545041008, 38.510105404921, 3.8510105404921, 5.13468072065613, 
3.8510105404921, 8.98569126114823, 12.8367018016403, 2.56734036032807, 
0, 0, 1.28367018016403, 7.7020210809842, 32.0917545041008, 174.579144502308, 
15.4040421619684, 913.973168276791, 23126.6019658352, 32.0917545041008, 
21444.9940298203, 3.8510105404921, 3758.58628752029, 2.56734036032807, 
38397.1424290666, 225.92595170887, 177.146484862637, 1160.43784286829, 
930.660880618924, 12586.3861165083, 477.52530702102, 4667.42477507642, 
12610.7758499315, 2247.70648546722, 695.749237648906, 1509.5961318729, 
1057.74422845516, 292.676801077399, 496.780359723481, 636.70040936136, 
3247.685555815, 11943.2673562462, 161.742442700668, 586.637272334963, 
74.4528704495139, 10.2693614413123, 980.724017645321, 214.372920087393, 
1011.53210196926, 2663.61562384037, 47.4957966660692, 20035.5241720002, 
1569.92863034061, 4766.26737894905, 661.090142784477, 215.656590267558, 
953.766943861876, 11.5530316214763, 937.079231519744, 1237.45805367813, 
775.336788819076, 75.7365406296779, 211.805579727065, 20.5387228826245, 
1275.96815908305, 222.074941168378, 12224.3395963208, 4322.20140186812, 
713.820162577405, 276.317482288028, 40.6349238658864, 40.6349238658864, 
4.06349238658864, 6.77248731098107, 6.77248731098107, 2.70899492439243, 
14.8994720841584, 2.70899492439243, 6.77248731098107, 4.06349238658864, 
9.4814822353735, 292.571451834382, 66.3703756476145, 262.772507666066, 
65.0158781854183, 2253.8837770945, 29792.1716810057, 9463.87376836495, 
96898.0394505928, 17.6084670085508, 5702.43431584606, 13.5449746219621, 
47511.7074814566, 514.709035634561, 288.507959447794, 2541.0372390801, 
1863.78850798199, 23591.2822990715, 555.343959500448, 7216.76247858143, 
23798.5204107875, 2839.02668076327, 949.502720999546, 2309.41817304455, 
1735.11124907335, 501.164061012599, 570.243431584606, 965.756690545901, 
4794.9210161746, 35899.6007380485, 256.000020355085, 1942.34936078937, 
570.243431584606, 6.77248731098107, 1083.59796975697, 367.068812255174, 
1209.56623374122, 3802.07437638477, 143.576730992799, 20824.0439838046, 
1393.7778885999, 4477.96861002069, 1083.59796975697, 364.359817330782, 
751.746091518899, 18.962964470747, 1588.82552315616, 2280.97372633842, 
1424.93133023042, 138.158741144014, 1999.23825420161, 18.962964470747, 
3823.74633577991, 333.206375700269, 12591.2137436139, 4454.31109854727, 
717.563793990898, 258.470663358643, 48.0016946237479, 34.4627551144857, 
8.61568877862142, 1.2308126826602, 3.69243804798061, 9.84650146128162, 
9.84650146128162, 4.92325073064081, 4.92325073064081, 3.69243804798061, 
7.38487609596122, 64.0022594983306, 51.6941326717285, 311.395608713031, 
33.2319424318255, 1641.90411866871, 26415.7017952533, 6732.54537415131, 
65720.4740033242, 2.46162536532041, 4523.23660877625, 12.308126826602, 
43677.8496695626, 508.325637938664, 263.393914089283, 2185.92332440452, 
1787.14001522261, 19630.2314757476, 606.79065255148, 4478.92735220048, 
19018.5175724655, 2764.40528525482, 999.419898320085, 1523.74610113333, 
1324.35444654238, 391.398433085945, 542.78839305315, 774.181177393268, 
4648.77950240759, 23686.9900777956, 216.623032148196, 1603.74892550624, 
134.158582409962, 12.308126826602, 980.957708080182, 396.321683816585, 
1131.11685536473, 3267.80767246284, 99.6958272954764, 20875.8139105997, 
1646.82736939935, 4755.86020579902, 801.259056411792, 338.473487731556, 
1320.6620084944, 9.84650146128162, 1062.19134513576, 1922.52941031524, 
982.188520762842, 112.003954122078, 1289.89169142789, 24.6162536532041, 
2184.69251172186, 288.010167742488, 13212.5228028623, 4265.38267159402, 
712.53638275155, 295.068747458464, 41.5281940867468, 34.971110809892, 
3.27854163842738, 2.18569442561825, 4.3713888512365, 6.55708327685475, 
12.0213193409004, 2.18569442561825, 2.18569442561825, 2.18569442561825, 
5.46423606404563, 81.9635409606844, 48.0852773636015, 244.797775669244, 
40.4353468739376, 2403.17102096727, 22025.2427269551, 7190.93466028405, 
70698.471891048, 9.83562491528213, 4957.15495730219, 10.9284721280913, 
40655.0091637123, 458.995829379833, 259.004789435763, 2188.97296725668, 
1623.97095823436, 21117.0866931107, 460.088676592642, 5168.07446937435, 
19501.8585125788, 2368.19991015738, 773.735826668861, 2055.64560729396, 
1130.00401804464, 457.902982167024, 471.017148720733, 619.644369662774, 
4282.86822699896, 36880.3148906696, 283.047428117564, 1501.57207039974, 
450.25305167736, 6.55708327685475, 1122.35408755497, 378.125135631957, 
1155.13950393925, 3438.09733149751, 88.5206242375392, 17734.7245694665, 
1508.12915367659, 3543.01066392718, 945.312839079894, 399.98207988814, 
968.262630548885, 16.3927081921369, 1458.95102910018, 2042.53144074026, 
1124.53978198059, 89.6134714503483, 1413.0514461622, 25.1354858946099, 
2534.31268650436, 240.426386818008, 12788.236927435, 3412.17302284266, 
677.178887827186, 230.442964812834, 30.9952525771647, 81.530990474716, 
6.06428854770615, 6.06428854770615, 3.36904919317008, 4.0428590318041, 
8.75952790224221, 4.0428590318041, 2.69523935453606, 2.02142951590205, 
27.6262033839947, 3900.68515585232, 84.226229829252, 782.967032492727, 
39.0809706407729, 1999.19379122713, 20499.3167207627, 73559.8200836756, 
212687.401754989, 49.8619280589172, 4102.15429760389, 11.4547672567783, 
31142.143121987, 681.22174685899, 407.65495237358, 1944.61519429777, 
1144.12910600056, 17354.6462038577, 437.302585273477, 4122.36859276291, 
10843.6217331372, 1809.17941673233, 614.514572834223, 1805.81036753916, 
555.219307034429, 504.683569136878, 398.221614632704, 294.454899483065, 
4834.58559219907, 27058.8554998648, 384.745417860023, 2255.91533974669, 
2819.22036484472, 10.1071475795102, 378.007319473683, 496.59785107327, 
837.545629422082, 2288.25821200112, 141.500066113143, 13219.4752241608, 
1330.10062146355, 3344.11822914062, 1091.57193858711, 268.850125614972, 
975.676646342056, 20.8881049976545, 782.293222654093, 1580.7578814354, 
826.764672003938, 226.400105781029, 659.659832022702, 47.1666887043811, 
2464.79638972323, 490.533562525564, 13314.2262815774, 3349.94036577472, 
615.628214372173, 203.708787571048, 37.7030076443653, 81.596061319895, 
6.19004603116445, 3.9391202016501, 2.81365728689293, 4.50185165902869, 
16.8819437213576, 5.62731457378586, 1.68819437213576, 6.19004603116445, 
28.6993043263079, 6381.93745813055, 69.7787007149447, 669.087702823139, 
32.638424527958, 1474.91914978927, 14880.307927462, 59865.6233617635, 
147634.848769102, 37.7030076443653, 3161.4253275529, 19.6956010082505, 
23087.7462333286, 568.921503409751, 319.068736333658, 1394.44855138414, 
768.691170779149, 13248.3867010641, 315.692347589387, 2994.29408471146, 
8600.22486311694, 1373.62748746113, 482.260858973448, 1480.54646436306, 
468.755303996362, 335.387948597637, 289.806700549972, 188.515038221826, 
3593.04035536227, 25241.3195207165, 288.681237635215, 2479.39480121005, 
3760.17159820371, 9.00370331805738, 237.472675013763, 305.000449899194, 
686.532378001875, 1665.68511384062, 124.926383538046, 9579.37759895567, 
1138.96846973426, 2522.7251234282, 876.735610595837, 215.526148175999, 
733.239088964298, 16.319212263979, 741.680060824977, 1310.60156423473, 
558.229605719558, 230.71989752522, 823.276122144872, 30.9502301558222, 
2055.0952823466, 292.057626379486, 12162.8002042735, 4107.84557773505, 
634.486298414505, 291.259424605515, 26.5879972668935, 70.0956291581738, 
3.62563599094003, 1.20854533031334, 2.41709066062668, 2.41709066062668, 
3.62563599094003, 3.62563599094003, 3.62563599094003, 1.20854533031334, 
16.9196346243868, 2736.14662782941, 58.0101758550404, 528.13430934693, 
35.0478145790869, 1238.75896357118, 18684.1108066443, 42137.141486705, 
126608.417348956, 31.4221785881469, 3362.17310893172, 12.0854533031334, 
33718.4147157422, 1340.2767713175, 319.055967202722, 1451.46294170632, 
860.484275183099, 17538.4098335072, 516.048856043797, 4414.81609163464, 
13468.0291610119, 1652.08146653834, 650.197387708578, 2148.79359729712, 
1352.36222462063, 248.960338044548, 485.835222785963, 190.950162189508, 
4367.68282375242, 15410.1615068254, 256.211610026429, 3469.73364332961, 
2287.77631028316, 13.2939986334468, 872.569728486233, 458.038680188757, 
1001.88407882976, 2736.14662782941, 217.538159456402, 17624.2165519595, 
1277.4324141412, 3657.05816952817, 843.564640558713, 234.457794080788, 
971.670445571927, 13.2939986334468, 599.438483835418, 1387.41003919972, 
710.624654224245, 311.804695220842, 1355.98786061157, 26.5879972668935, 
1579.56874671954, 385.525960369956, 12062.3835200323, 3281.0951230574, 
640.962724824318, 252.620548423804, 37.6454150592335, 71.328154849074, 
4.95334408674125, 1.9813376346965, 3.962675269393, 9.9066881734825, 
8.91601935613425, 7.925350538786, 1.9813376346965, 4.95334408674125, 
19.813376346965, 981.752797992116, 65.3841419449845, 462.642337701633, 
36.6547462418853, 1016.4262065993, 16682.8628841445, 26345.8465285594, 
80630.5350439741, 29.7200645204475, 2934.36103698552, 6.93468172143775, 
28899.7907396832, 908.443305508345, 205.068445191088, 932.219357124703, 
910.424643143042, 12983.7055201662, 406.174215112783, 2967.05310795801, 
10850.7955564154, 1799.05457230442, 667.710782892721, 1469.16185612745, 
840.087157111316, 278.377937674858, 375.463481774987, 585.485271052816, 
3323.69388220338, 9604.53418419129, 188.227075296168, 3032.43724990299, 
1271.02809265781, 15.850701077572, 724.178905481571, 361.594118332111, 
776.684352801028, 2022.94572502513, 166.432361314506, 13622.6869073558, 
1255.17739158023, 3141.4108198113, 628.084030198791, 193.180419382909, 
1254.18672276288, 6.93468172143775, 529.017148463966, 1130.35312059435, 
498.30641512617, 255.592554875849, 2179.47139816615, 31.701402155144, 
1402.78704536512, 271.443255953421, 13150.3787480522, 3595.78423921537, 
678.16069295804, 292.145496260172, 24.9042062385721, 73.7547646296173, 
6.70497860269248, 1.91570817219785, 2.87356225829678, 7.66283268879141, 
8.62068677489034, 8.62068677489034, 2.87356225829678, 8.62068677489034, 
27.7777684968689, 2195.40156533874, 50.7662665632431, 629.310134566995, 
71.8390564574195, 1717.43237637537, 17906.1242855333, 44385.042641652, 
136112.98134283, 54.5976829076388, 3722.22097858043, 13.409957205385, 
35153.2449598306, 1418.58190151251, 327.586097445833, 1384.09915441295, 
767.24112296524, 22037.348958878, 468.390648102375, 4673.37008607666, 
13368.7694796827, 1863.02619746241, 816.091681356285, 2471.26354213523, 
1088.12224180838, 346.743179167811, 477.011334877265, 155.172361948026, 
3722.22097858043, 23670.4901756767, 317.049702498745, 3701.14818868625, 
1717.43237637537, 13.409957205385, 750.957603501558, 405.172278419846, 
996.168249542883, 3282.56595306102, 240.42137561083, 16174.3240978665, 
1397.50911161833, 2994.25187314524, 1059.38661922541, 285.44051765748, 
1488.50524979773, 13.409957205385, 1049.80807836442, 1897.50894456197, 
973.179751476509, 194.444379478082, 1512.4516019502, 41.1877257022538, 
2125.47821705352, 422.413651969626, 13310.4360591977, 3857.23273348363, 
722.580057856128, 280.319393349166, 38.8280240787697, 42.6161239888935, 
3.78809991012387, 0, 4.73512488765483, 3.78809991012387, 12.3113247079026, 
4.73512488765483, 1.89404995506193, 7.57619982024774, 7.57619982024774, 
2837.28683268278, 41.6690990113625, 517.075637731908, 46.4042238990174, 
980.170851744551, 15677.0514780476, 29282.0123052575, 88066.6937355372, 
22.7285994607432, 2622.31216278325, 4.73512488765483, 26281.8371764394, 
890.203478879109, 233.915169450149, 687.540133687482, 913.879103317383, 
14896.7028965621, 382.598090922511, 3369.51487005518, 10645.5077724256, 
1896.89102999453, 703.639558305509, 1912.99045461255, 756.672957047243, 
195.087145371379, 370.286766214608, 193.193095416317, 3039.00315289687, 
14867.3451222587, 218.762769809653, 3642.2580635841, 1180.94014698112, 
10.4172747528406, 678.069883912172, 270.849143573857, 711.215758125756, 
2713.22656062622, 155.312096315079, 13964.8303186716, 1283.21884455446, 
2819.29335810969, 698.904433417854, 140.159696674583, 1135.48294805963, 
15.1523996404955, 600.413835754633, 1213.13899621717, 744.36163233934, 
220.656819764715, 1890.26185515181, 29.35777430346, 1691.38660987031, 
243.385419225459, 14217.8510986751, 3901.42514921668, 705.236619654446, 
234.818830216801, 44.4673532304241, 42.1269662182965, 5.4609030282977, 
2.34038701212758, 3.12051601617011, 2.34038701212758, 7.02116103638275, 
3.12051601617011, 0, 1.56025800808506, 15.6025800808506, 70.9917393678701, 
53.0487722748919, 245.740636273396, 53.0487722748919, 1729.54600196229, 
23873.5077817094, 502.403078603388, 50021.0916102029, 59.2898043072321, 
5648.1339892679, 14.0423220727655, 45133.5833998764, 341.696503770627, 
233.258572208716, 2677.40274187396, 1021.96899529571, 19885.488313044, 
631.904493274448, 4066.03236906966, 15707.8974963963, 2849.81125176736, 
1029.77028533614, 1866.06857766973, 951.757384931885, 606.160236141044, 
563.253140918705, 1247.426277464, 3402.92271563351, 49106.780417465, 
280.066312451268, 1544.65542800421, 728.640489775721, 12.4820640646805, 
629.56410626232, 268.36437739063, 992.324093142096, 3944.33224443902, 
117.019350606379, 21880.2781763808, 1940.96096205781, 4650.34899309751, 
1017.28822127146, 243.400249261269, 1898.83399583951, 19.5032251010632, 
1193.59737618507, 1917.55709193653, 1101.54215370805, 155.245671804463, 
245.740636273396, 37.4461921940414, 1872.30960970207, 415.028630150625, 
13188.2263173407, 3715.7019106622, 761.82669735047, 277.899046832247, 
40.7265844495534, 40.7265844495534, 0, 0, 4.79136287641805, 4.79136287641805, 
4.79136287641805, 7.18704431462707, 2.39568143820902, 7.18704431462707, 
2.39568143820902, 222.798373753439, 38.3309030113444, 304.251542652546, 
57.4963545170166, 2273.50168486036, 23947.2316563374, 1013.37324836242, 
59882.4532294728, 69.4747617080617, 5900.56338230883, 26.3524958202993, 
49981.1018453549, 459.970836136133, 299.460179776128, 3274.89652603174, 
1109.20050589078, 19639.7964304376, 572.567863731957, 4760.21901772133, 
17778.3519529492, 3109.59450679531, 1102.01346157615, 1880.60992899408, 
1022.95597411525, 766.618060226888, 548.611049349866, 1090.03505438511, 
3701.32782203294, 74158.3189197603, 292.273135461501, 1257.73275505974, 
1128.36595739645, 7.18704431462707, 814.531688991068, 301.855861214337, 
1044.51710705913, 3629.45737888667, 126.971116225078, 20334.5440475182, 
1909.35810625259, 4055.88867488788, 1293.66797663287, 325.812675596427, 
1880.60992899408, 14.3740886292541, 1691.35109537557, 2239.96214472544, 
1394.28659703765, 150.927930607169, 261.129276764784, 47.9136287641805, 
2834.09114140128, 376.121985798817, 12705.5395027243, 3699.23172064469, 
640.758262661634, 223.500561114071, 50.1389091472631, 50.9887211667083, 
3.39924807778055, 1.69962403889028, 5.09887211667083, 2.54943605833541, 
7.64830817500624, 1.69962403889028, 0, 5.94868413611597, 6.7984961555611, 
80.7321418472881, 33.9924807778055, 262.591914008548, 33.1426687583604, 
1428.53400468728, 13021.6695739578, 384.115032789202, 32054.9093734706, 
22.0951125055736, 4024.70972409217, 22.0951125055736, 28763.5874221596, 
203.954884666833, 181.009960141814, 1550.05712346793, 754.633073267283, 
12535.5770988352, 306.782139019695, 2463.60504437146, 10179.0483689139, 
1649.48512974301, 530.282700133766, 1062.26502430642, 587.22010543659, 
421.506761644788, 268.540598144664, 278.738342378005, 2385.4223385825, 
31805.0646397537, 183.55939620015, 1001.92837092582, 1110.7043094148, 
5.94868413611597, 573.623113125468, 172.511839947363, 527.733264075431, 
1976.66275722939, 47.5894730889277, 10272.5276910528, 1225.42893203989, 
2589.37722324934, 694.296419886678, 155.51559955846, 903.350176670182, 
11.0475562527868, 1437.03212488173, 1284.0659613816, 710.442848256135, 
82.4317658861784, 144.468043305673, 24.644548563909, 2105.83418418505, 
283.837214494676, 11972.5605464883, 3853.20079386217, 597.929009597367, 
249.495557961491, 49.4689468371923, 50.5443587249573, 7.52788321435535, 
18.2820020920058, 10.7541188776505, 12.9049426531806, 15.0557664287107, 
11.8295307654155, 4.3016475510602, 6.4524713265903, 16.1311783164757, 
176.367549593468, 98.9378936743845, 439.843462095905, 159.160959389227, 
4595.23499642006, 39399.8653320481, 908.723045161467, 89994.7684157304, 
162.387195052522, 12482.3057812889, 51.6197706127224, 86924.4674761612, 
1057.12988567304, 526.951825004874, 4871.61585157567, 3513.37063732842, 
44550.0128625549, 746.335850108944, 12080.1017352648, 43438.0369706059, 
4921.08479841287, 1587.30794634121, 3746.73501697343, 2293.85355660285, 
1439.9765177174, 838.821272456738, 1974.45622593663, 7704.25076394881, 
219950.767168922, 482.859937606507, 2773.48725854606, 1068.95941643846, 
18.2820020920058, 1723.88525608737, 733.430907455764, 2331.49297267463, 
6201.90035674104, 148.406840511577, 33244.207686481, 3179.99295212125, 
7151.48905363758, 2255.13872864331, 837.745860568974, 1960.47587139569, 
40.8656517350719, 2863.82185711833, 4436.07403703083, 2439.03416145113, 
297.889092910919, 692.565255720692, 64.524713265903, 4369.3984999894, 
732.355495567999, 11821.1897254473, 3437.62583995762, 553.600304024033, 
239.506718357703, 41.4371485047929, 77.0730962189147, 4.14371485047929, 
6.62994376076686, 2.48622891028757, 0.828742970095857, 11.602401581342, 
2.48622891028757, 1.65748594019171, 3.31497188038343, 10.7736586112461, 
146.687505706967, 64.6419516674769, 327.353473187864, 64.6419516674769, 
2009.70170248245, 28348.810778069, 27704.0487473344, 230497.453529791, 
416.857713958216, 7103.98473966169, 25.6910320729716, 38597.0463462744, 
599.181167379305, 265.197750430674, 2921.3189695879, 1713.84046215823, 
24148.7414056232, 290.888782503646, 5366.93947434077, 19097.5530028889, 
2163.01915195019, 755.813588727422, 1459.4163703388, 815.483082574324, 
644.762030734577, 357.188220111314, 752.498616847038, 3677.13255831532, 
80102.9805175852, 247.794148058661, 1827.37824906137, 1423.78042262468, 
8.28742970095857, 571.832649366141, 362.989420901986, 1110.51557992845, 
3174.08557546713, 53.0395500861349, 13454.6421195062, 1330.13246700385, 
3450.05698450905, 1128.74792527056, 390.337938915149, 946.424471849469, 
15.7461164318213, 1298.64023414021, 2225.17487470738, 940.623271058798, 
137.571333035912, 268.512722311058, 30.6634898935467, 2505.28999859978, 
324.867244277576, 13487.3389973323, 3586.70966047539, 672.980660117307, 
230.628203748066, 46.6297461129969, 49.1502729299157, 5.6711853380672, 
6.93144874652657, 5.6711853380672, 3.78079022537813, 15.1231609015125, 
8.19171215498595, 1.26026340845938, 6.30131704229688, 8.19171215498595, 
366.106520157449, 48.520141225686, 261.504657255321, 59.2323801975907, 
2270.9946620438, 14812.5059713273, 725.281591568371, 36252.7372077424, 
95.7800190429126, 6086.44213115456, 14.4930291972828, 36753.0617809008, 
350.983359255936, 203.532540466189, 2289.26848146646, 1324.5368422908, 
18372.1199685208, 285.449662016049, 4444.94904163622, 16540.3271043251, 
1963.49039037971, 628.871440821229, 964.731639175653, 1066.18284355663, 
595.474460497055, 342.161515396721, 444.87298318616, 2732.25106953993, 
83852.8861452531, 261.504657255321, 947.718083161451, 426.599163763499, 
6.93144874652657, 538.762607116383, 274.737423044144, 874.622805470807, 
2178.99543322626, 56.711853380672, 12536.4702556496, 1295.55078389624, 
2928.22202955536, 1005.06006824635, 308.134403368318, 1010.73125358442, 
24.5751364649578, 1288.61933514971, 1894.17590291444, 1021.44349255632, 
106.492258014817, 239.450047607282, 49.7804046341454, 1891.65537609752, 
279.148344973752, 11294.8728383521, 3442.57718349071, 541.153319850878, 
215.47065824726, 30.9584279090891, 122.595374519993, 6.19168558181783, 
4.95334846545426, 7.43002269818139, 6.19168558181783, 11.1450340472721, 
2.47667423272713, 2.47667423272713, 0, 47.0568104218155, 10205.1361759521, 
160.983825127264, 1432.75604363265, 33.4351021418163, 2726.81833023257, 
42940.577847023, 174650.113543452, 679480.529097154, 154.792139545446, 
8958.13069977403, 27.2434165599984, 57718.8929937058, 1294.06228659993, 
838.354227778134, 4436.96188793066, 1006.76807560358, 30149.7937721037, 
440.848013425429, 6795.99409460325, 20100.6880728134, 3256.82661603618, 
1150.41518110175, 5789.22601899967, 1323.78237739265, 622.883569530873, 
552.29835389815, 69.3468785163597, 6581.76177347235, 36009.6050067361, 
866.835981454496, 3552.78918684707, 5183.67916909789, 16.0983825127264, 
505.241543476335, 660.03368302178, 1908.27749631625, 2870.46543573074, 
466.853092869064, 20369.4072270643, 2329.31211587987, 5251.78771049788, 
2025.91952237079, 293.485896578165, 1611.076588389, 14.8600453963628, 
2072.97633279261, 2541.06776277804, 1072.39994277085, 313.299290439982, 
942.374545552673, 91.6369466109038, 2804.83356856348, 660.03368302178, 
11999.5239287387, 3326.68202014222, 664.162971217106, 241.727159135555, 
35.2029843401293, 76.2731327369468, 5.86716405668822, 4.69373124535058, 
1.17343281133764, 1.17343281133764, 9.38746249070115, 4.69373124535058, 
1.17343281133764, 7.04059686802586, 34.0295515287917, 5921.14196600975, 
123.210445190453, 1443.3223579453, 36.376417151467, 2128.60711976649, 
33548.4440761432, 124778.1514264, 446908.92679481, 172.494623266634, 
8067.3505779463, 9.38746249070115, 45865.9682967545, 1126.49549888414, 
668.856702462457, 3909.87812737703, 785.026550784884, 31545.3942671899, 
367.284469948682, 5234.68377137723, 15509.2614674496, 3011.02859389239, 
1006.8053521277, 3617.69335735396, 1100.67997703471, 623.092822820289, 
472.89342296907, 91.5277592843362, 5680.58823968553, 20803.7903122051, 
585.542972857484, 2937.10232677812, 5566.76525698578, 5.86716405668822, 
491.668347950473, 567.94148068742, 1775.40384355386, 2881.95098464525, 
389.579693364098, 18164.7399195067, 2265.89875869299, 4279.50946294839, 
1509.03459538021, 251.114621626256, 1890.40025906494, 18.7749249814023, 
1501.99399851218, 2353.90621954331, 672.37700089647, 269.889546607658, 
1550.10474377703, 70.4059686802586, 1347.10086741562, 515.137004177226, 
12870.9559230334, 3785.57527148042, 718.676905385667, 242.276817374747, 
26.7902249981691, 75.7115054296084, 11.6479239122474, 2.32958478244949, 
5.82396195612372, 4.65916956489898, 12.8127163034722, 5.82396195612372, 
1.16479239122474, 4.65916956489898, 23.2958478244949, 10795.2958818709, 
123.467993469823, 1008.71021080063, 45.426903257765, 2298.13538788642, 
28841.4243991159, 106993.16988834, 446215.657984722, 121.138408687373, 
6436.64275390794, 18.6366782595959, 37117.2743387677, 1036.66522819002, 
619.669552131564, 3333.63582368522, 1230.02076513333, 21944.6886506742, 
260.913495634343, 5234.577006164, 13478.9775512527, 2478.67820852626, 
790.894033641601, 3042.43772587903, 753.62067712241, 506.684690182764, 
399.523790190087, 129.291955425947, 6762.78462345087, 32523.3331477773, 
574.242648873799, 3062.23919652985, 4754.68254097941, 10.4831315210227, 
385.54628149539, 538.134084745832, 1200.90095535271, 2199.12803463232, 
266.737457590466, 14696.1856000826, 1469.96799772563, 3840.32051386798, 
1474.62716729053, 200.344291290656, 1084.42171623024, 13.9775086946969, 
1379.1141912101, 1729.71670096875, 811.860296683647, 191.025952160858, 
2398.30753353175, 43.0973184753155, 2519.44594221912, 443.785901056628, 
12564.5683958012, 3482.40324840333, 668.153408402761, 187.821925864371, 
35.922226258213, 87.2396923413743, 4.10539728665291, 6.15809592997936, 
1.02634932166323, 10.2634932166323, 13.342541181622, 3.07904796498968, 
2.05269864332645, 1.02634932166323, 28.7377810065704, 9367.49025882028, 
113.924774704618, 971.952807615076, 37.9749249015394, 2479.65996113836, 
33670.4158464838, 116038.027957923, 458687.828043156, 106.740329452976, 
8252.87489549401, 17.4479384682749, 45610.9638547138, 904.213752385303, 
532.675297943215, 3297.66037050395, 1486.15381776835, 25648.469548364, 
291.483207352357, 6524.50263781314, 13198.8522765891, 3299.71306914728, 
1117.69441129125, 3272.00163746237, 900.10835509865, 549.096887089827, 
457.751797461799, 440.303858993525, 8036.31518862307, 32699.4893881904, 
597.335305207998, 3723.59533899419, 4432.80272026348, 18.4742877899381, 
469.041640000095, 579.887366739723, 1723.24051107256, 2992.83462196997, 
300.720351247326, 17666.5508737891, 2045.51419807481, 4365.06366503371, 
1564.15636621476, 208.348912297635, 1655.50145584279, 18.4742877899381, 
1594.94684586466, 2229.23072665253, 849.817238337152, 200.138117724329, 
1996.24943063498, 39.0012742232026, 3205.28893155426, 470.067989321758, 
12409.8159387106, 3353.09616478857, 671.244373235466, 204.733440963553, 
43.7598194425915, 68.7654305526438, 7.81425347189134, 1.56285069437827, 
0, 8.59567881908048, 7.03282812470221, 3.12570138875654, 0, 3.90712673594567, 
16.4099322909718, 3309.33634534598, 52.355498261672, 854.097904477724, 
33.6012899291328, 1610.51764055681, 17451.5722787749, 71526.206304263, 
192398.641858173, 57.0440503448068, 4423.64889043769, 15.6285069437827, 
25902.6874086254, 543.872041643637, 357.892809012623, 1119.00109717484, 
1068.98987495474, 15450.3419646236, 346.171428804786, 3108.51003111838, 
8097.910872921, 1281.53756939018, 572.784779489635, 1862.13660235171, 
400.871203108026, 366.488487831704, 277.405998252143, 171.13215103442, 
4473.66011265779, 18849.5422248963, 307.881586792519, 2202.05662837898, 
4352.53918384348, 5.46997743032394, 328.198645819436, 386.805546858621, 
843.157949617076, 2091.87565442531, 161.755046868151, 10762.5713068359, 
1377.65288709444, 3044.43315264887, 981.470236069552, 161.755046868151, 
893.950597184369, 13.2842309022153, 904.890552045017, 1301.07320306991, 
622.014576362551, 132.060883674964, 1110.40541835576, 27.3498871516197, 
2117.66269088255, 412.592583315863, 12809.086214185, 3605.15007543324, 
637.203273599049, 218.069566161056, 40.0127644332213, 67.0213804256457, 
8.00255288664426, 6.00191466498319, 3.0009573324916, 5.00159555415266, 
11.0035102191359, 6.00191466498319, 5.00159555415266, 3.0009573324916, 
25.0079777707633, 3417.0900825971, 93.0296773072395, 1019.32517393631, 
30.009573324916, 2097.66917541163, 21767.9441707832, 89550.5674397709, 
263629.100063833, 54.0172319848488, 5129.63640033897, 11.0035102191359, 
34643.051446283, 759.242205120374, 406.129558997196, 1166.3720832284, 
1106.35293657857, 18580.9274836771, 397.126686999721, 4265.36068858139, 
14457.6121088337, 1652.52717109204, 715.228164243831, 2576.82202949945, 
765.244119785357, 433.138174989621, 372.118709228958, 256.081692372616, 
4614.47205826125, 37921.0971724747, 341.108816793212, 2080.66375052751, 
4678.4924813544, 7.00223377581373, 604.192742941642, 579.184765170878, 
1084.3459161403, 2526.80607395793, 230.073395491022, 13198.210348298, 
1428.455690266, 3464.10508080613, 1171.37367878255, 285.090946586702, 
1223.39027254574, 16.0051057732885, 1144.36506279013, 1768.56418794838, 
852.271882427614, 182.058078171157, 1175.37495522588, 26.0082968815938, 
2394.76395132829, 421.134345659654, 13204.428367646, 3576.47957937485, 
721.87197527708, 269.020611904502, 29.8911791005002, 62.7714761110504, 
1.49455895502501, 4.48367686507503, 2.98911791005002, 8.96735373015006, 
16.4401485052751, 4.48367686507503, 1.49455895502501, 1.49455895502501, 
7.47279477512505, 7.47279477512505, 77.7170656613005, 552.986813359253, 
53.8041223809003, 4674.98041131823, 36275.934956367, 68.7497119311504, 
74801.1811400467, 7.47279477512505, 6889.91678266529, 17.9347074603001, 
60336.8395733147, 636.682114840654, 346.737677565802, 4773.62130234988, 
2256.78402208776, 41039.0943460317, 877.30610659968, 7115.59518487407, 
29640.093196056, 4423.89450687403, 1817.38368931041, 3666.15311667635, 
1778.52515647976, 1070.10421179791, 748.77403646753, 1256.92408117603, 
5287.74958287848, 71779.1829329861, 460.324158147703, 2448.08756833097, 
736.81756482733, 10.4619126851751, 1086.54436030318, 573.910638729604, 
1708.28088559359, 6721.03162074747, 113.586480581901, 26332.6342285856, 
1995.23620495839, 5822.80168877744, 1729.20471096394, 703.937267816779, 
1769.55780274961, 17.9347074603001, 2143.19754150586, 3504.74074953365, 
2313.57726237871, 283.966201454752, 434.916655912278, 61.2769171560254, 
5488.02048285183, 618.747407380354), .Dim = c(68L, 25L), .Dimnames = list(
    c("POS_A(128)", "POS_B(32)", "POS_C(8)", "POS_D(2)", "POS_E(0.5)", 
    "POS_F(0.125)", "NEG_A(0)", "NEG_B(0)", "NEG_C(0)", "NEG_D(0)", 
    "NEG_E(0)", "NEG_F(0)", "NEG_G(0)", "NEG_H(0)", "Ahrr", "Aldh3a1", 
    "Bbs2", "Ccbl1", "Cmkor1", "Col18a1", "Cyb5", "Cyp1a1", "Cyp1a2", 
    "Cyp1b1", "Cyp2a1", "Cyp2s1", "Eef1a1", "Eml4_predicted", 
    "Exoc3", "Fdft1", "Fmo1", "Gapdh", "Gfer", "Ghr", "Glud1", 
    "Hagh", "Hprt1", "Hsd17b12", "Ivns1abp_predicted", "Lasp1", 
    "LOC308846", "LOC368066", "Mawbp", "Mug1", "Neu1", "Nfe2l2", 
    "Nqo1", "Nrbp2", "Nudt4", "Pde2a", "Perp_predicted", "Pgk1", 
    "Pmm1", "Ppia", "Psmb4", "RGD1305831_predicted", "RGD1311835", 
    "RGD1559716_predicted", "Rpl13A", "Scn4b", "Sdc1", "Sdha", 
    "Slco1a1", "Srxn1", "Tiparp", "Tpm1", "Ugt1a1", "Zfp422"), 
    c("HW1D.a", "HW2B.b", "HW3B.a", "HW4C.b", "HW5D.b", "HW6A.b", 
    "WW41B.a", "WW42.a", "WW45A.b", "WW46D.a", "WW47A.b", "WW48B.a", 
    "LE100C.a", "LE101A.a", "LE102.a", "LE4D51.a", "LE4D53.a", 
    "LE4D56.b", "WW37.b", "WW38.b", "WW39.a", "WW40.b", "WW43.b", 
    "WW44.a", "HW4D12.B"))), pos.norm.factor = structure(c(1.27451031504334, 
1.36597268561203, 1.28367018016403, 1.35449746219621, 1.2308126826602, 
1.09284721280913, 0.673809838634016, 0.562731457378586, 1.20854533031334, 
0.99066881734825, 0.957854086098926, 0.947024977530967, 0.780129004042528, 
2.39568143820902, 0.849812019445138, 1.07541188776505, 0.828742970095857, 
0.630131704229688, 1.23833711636357, 1.17343281133764, 1.16479239122474, 
1.02634932166323, 0.781425347189134, 1.00031911083053, 1.49455895502501
), .Names = c("HW1D.a", "HW2B.b", "HW3B.a", "HW4C.b", "HW5D.b", 
"HW6A.b", "WW41B.a", "WW42.a", "WW45A.b", "WW46D.a", "WW47A.b", 
"WW48B.a", "LE100C.a", "LE101A.a", "LE102.a", "LE4D51.a", "LE4D53.a", 
"LE4D56.b", "WW37.b", "WW38.b", "WW39.a", "WW40.b", "WW43.b", 
"WW44.a", "HW4D12.B")), pos.sample = structure(c(398.66770748668, 
371.973840193441, 395.822940594854, 375.125180849433, 412.821636163404, 
464.937915850455, 754.07938016535, 902.928206348019, 420.427842234694, 
512.891994346319, 530.462951341398, 536.528726825306, 651.310363841766, 
212.09251671053, 597.904117428473, 472.475812520925, 613.104573795278, 
806.349056960392, 410.313232763733, 433.008264774225, 436.220316422393, 
495.061568943266, 650.229874541647, 507.944015029953, 339.970600529406
), .Names = c("HW1D.a", "HW2B.b", "HW3B.a", "HW4C.b", "HW5D.b", 
"HW6A.b", "WW41B.a", "WW42.a", "WW45A.b", "WW46D.a", "WW47A.b", 
"WW48B.a", "LE100C.a", "LE101A.a", "LE102.a", "LE4D51.a", "LE4D53.a", 
"LE4D56.b", "WW37.b", "WW38.b", "WW39.a", "WW40.b", "WW43.b", 
"WW44.a", "HW4D12.B"))), .Names = c("x", "pos.norm.factor", "pos.sample"
))
